5 5 0 64
5 5 1 64
5 5 2 64
5 5 3 64
5 5 4 64
5 5 5 64
5 5 6 64
5 5 7 64
5 5 8 64
5 5 9 64
5 5 10 64
5 5 11 64
5 5 12 64
5 5 13 64
5 5 14 64
5 5 15 64
5 5 16 64
5 5 17 64
5 5 18 64
5 5 19 64
5 5 20 64
5 5 21 64
5 5 22 64
5 5 23 64
5 5 24 64
5 5 25 64
5 5 26 64
5 5 27 64
5 5 28 64
5 5 29 64
5 5 30 64
5 5 31 64
5 5 32 64
5 5 33 64
5 5 34 64
5 5 35 64
5 5 36 64
5 5 37 64
5 5 38 64
5 5 39 64
5 5 40 64
5 5 41 64
5 5 42 64
5 5 43 64
5 5 44 64
5 5 45 64
5 5 46 64
5 5 47 64
5 5 48 64
5 5 49 64
5 5 50 64
5 5 51 64
5 5 52 64
5 5 53 64
5 5 54 64
5 5 55 64
5 5 56 64
5 5 57 64
5 5 58 64
5 5 59 64
5 5 60 64
5 5 61 64
5 5 62 64
5 5 63 64
5 5 64 64
5 5 65 64
5 5 66 64
5 5 67 64
5 5 68 64
5 5 69 64
5 5 70 64
5 5 71 64
5 5 72 64
5 5 73 64
5 5 74 64
5 5 75 64
5 5 76 64
5 5 77 64
5 5 78 64
5 5 79 64
5 5 80 64
5 5 81 64
5 5 82 64
5 5 83 64
5 5 84 64
5 5 85 64
5 5 86 64
5 5 87 64
5 5 88 64
5 5 89 64
5 5 90 64
5 5 91 64
5 5 92 64
5 5 93 64
5 5 94 64
5 5 95 64
5 5 96 64
5 5 97 64
5 5 98 64
5 5 99 64
5 5 100 64
5 5 101 64
5 5 102 64
5 5 103 64
5 5 104 64
5 5 105 64
5 5 106 64
5 5 107 64
5 5 108 64
5 5 109 64
5 5 110 64
5 5 111 64
5 5 112 64
5 5 113 64
5 5 114 64
5 5 115 64
5 5 116 64
5 5 117 64
5 5 118 64
5 5 119 64
5 5 120 64
5 5 121 64
5 5 122 64
5 5 123 64
5 5 124 64
5 5 125 64
5 5 126 64
5 5 127 64
5 5 128 64
5 5 129 64
5 5 130 64
5 5 131 64
5 5 132 64
5 5 133 64
5 5 134 64
5 5 135 64
5 5 136 64
5 5 137 64
5 5 138 64
5 5 139 64
5 5 140 64
5 5 141 64
5 5 142 64
5 5 143 64
5 5 144 64
5 5 145 64
5 5 146 64
5 5 147 64
5 5 148 64
5 5 149 64
5 5 150 64
5 5 151 64
5 5 152 64
5 5 153 64
5 5 154 64
5 5 155 64
5 5 156 64
5 5 157 64
5 5 158 64
5 5 159 64
5 5 160 64
5 5 161 64
5 5 162 64
5 5 163 64
5 5 164 64
5 5 165 64
5 5 166 64
5 5 167 64
5 5 168 64
5 5 169 64
5 5 170 64
5 5 171 64
5 5 172 64
5 5 173 64
5 5 174 64
5 5 175 64
5 5 176 64
5 5 177 64
5 5 178 64
5 5 179 64
5 5 180 64
5 5 181 64
5 5 182 64
5 5 183 64
5 5 184 64
5 5 185 64
5 5 186 64
5 5 187 64
5 5 188 64
5 5 189 64
5 5 190 64
5 5 191 64
5 6 0 64
5 6 1 64
5 6 2 64
5 6 3 64
5 6 4 64
5 6 5 64
5 6 6 64
5 6 7 64
5 6 8 64
5 6 9 64
5 6 10 64
5 6 11 64
5 6 12 64
5 6 13 64
5 6 14 64
5 6 15 64
5 6 16 64
5 6 17 64
5 6 18 64
5 6 19 64
5 6 20 64
5 6 21 64
5 6 22 64
5 6 23 64
5 6 24 64
5 6 25 64
5 6 26 64
5 6 27 64
5 6 28 64
5 6 29 64
5 6 30 64
5 6 31 64
5 6 32 64
5 6 33 64
5 6 34 64
5 6 35 64
5 6 36 64
5 6 37 64
5 6 38 64
5 6 39 64
5 6 40 64
5 6 41 64
5 6 42 64
5 6 43 64
5 6 44 64
5 6 45 64
5 6 46 64
5 6 47 64
5 6 48 64
5 6 49 64
5 6 50 64
5 6 51 64
5 6 52 64
5 6 53 64
5 6 54 64
5 6 55 64
5 6 56 64
5 6 57 64
5 6 58 64
5 6 59 64
5 6 60 64
5 6 61 64
5 6 62 64
5 6 63 64
5 6 64 64
5 6 65 64
5 6 66 64
5 6 67 64
5 6 68 64
5 6 69 64
5 6 70 64
5 6 71 64
5 6 72 64
5 6 73 64
5 6 74 64
5 6 75 64
5 6 76 64
5 6 77 64
5 6 78 64
5 6 79 64
5 6 80 64
5 6 81 64
5 6 82 64
5 6 83 64
5 6 84 64
5 6 85 64
5 6 86 64
5 6 87 64
5 6 88 64
5 6 89 64
5 6 90 64
5 6 91 64
5 6 92 64
5 6 93 64
5 6 94 64
5 6 95 64
5 6 96 64
5 6 97 64
5 6 98 64
5 6 99 64
5 6 100 64
5 6 101 64
5 6 102 64
5 6 103 64
5 6 104 64
5 6 105 64
5 6 106 64
5 6 107 64
5 6 108 64
5 6 109 64
5 6 110 64
5 6 111 64
5 6 112 64
5 6 113 64
5 6 114 64
5 6 115 64
5 6 116 64
5 6 117 64
5 6 118 64
5 6 119 64
5 6 120 64
5 6 121 64
5 6 122 64
5 6 123 64
5 6 124 64
5 6 125 64
5 6 126 64
5 6 127 64
5 6 128 64
5 6 129 64
5 6 130 64
5 6 131 64
5 6 132 64
5 6 133 64
5 6 134 64
5 6 135 64
5 6 136 64
5 6 137 64
5 6 138 64
5 6 139 64
5 6 140 64
5 6 141 64
5 6 142 64
5 6 143 64
5 6 144 64
5 6 145 64
5 6 146 64
5 6 147 64
5 6 148 64
5 6 149 64
5 6 150 64
5 6 151 64
5 6 152 64
5 6 153 64
5 6 154 64
5 6 155 64
5 6 156 64
5 6 157 64
5 6 158 64
5 6 159 64
5 6 160 64
5 6 161 64
5 6 162 64
5 6 163 64
5 6 164 64
5 6 165 64
5 6 166 64
5 6 167 64
5 6 168 64
5 6 169 64
5 6 170 64
5 6 171 64
5 6 172 64
5 6 173 64
5 6 174 64
5 6 175 64
5 6 176 64
5 6 177 64
5 6 178 64
5 6 179 64
5 6 180 64
5 6 181 64
5 6 182 64
5 6 183 64
5 6 184 64
5 6 185 64
5 6 186 64
5 6 187 64
5 6 188 64
5 6 189 64
5 6 190 64
5 6 191 64
5 7 0 64
5 7 1 64
5 7 2 64
5 7 3 64
5 7 4 64
5 7 5 64
5 7 6 64
5 7 7 64
5 7 8 64
5 7 9 64
5 7 10 64
5 7 11 64
5 7 12 64
5 7 13 64
5 7 14 64
5 7 15 64
5 7 16 64
5 7 17 64
5 7 18 64
5 7 19 64
5 7 20 64
5 7 21 64
5 7 22 64
5 7 23 64
5 7 24 64
5 7 25 64
5 7 26 64
5 7 27 64
5 7 28 64
5 7 29 64
5 7 30 64
5 7 31 64
5 7 32 64
5 7 33 64
5 7 34 64
5 7 35 64
5 7 36 64
5 7 37 64
5 7 38 64
5 7 39 64
5 7 40 64
5 7 41 64
5 7 42 64
5 7 43 64
5 7 44 64
5 7 45 64
5 7 46 64
5 7 47 64
5 7 48 64
5 7 49 64
5 7 50 64
5 7 51 64
5 7 52 64
5 7 53 64
5 7 54 64
5 7 55 64
5 7 56 64
5 7 57 64
5 7 58 64
5 7 59 64
5 7 60 64
5 7 61 64
5 7 62 64
5 7 63 64
5 7 64 64
5 7 65 64
5 7 66 64
5 7 67 64
5 7 68 64
5 7 69 64
5 7 70 64
5 7 71 64
5 7 72 64
5 7 73 64
5 7 74 64
5 7 75 64
5 7 76 64
5 7 77 64
5 7 78 64
5 7 79 64
5 7 80 64
5 7 81 64
5 7 82 64
5 7 83 64
5 7 84 64
5 7 85 64
5 7 86 64
5 7 87 64
5 7 88 64
5 7 89 64
5 7 90 64
5 7 91 64
5 7 92 64
5 7 93 64
5 7 94 64
5 7 95 64
5 7 96 64
5 7 97 64
5 7 98 64
5 7 99 64
5 7 100 64
5 7 101 64
5 7 102 64
5 7 103 64
5 7 104 64
5 7 105 64
5 7 106 64
5 7 107 64
5 7 108 64
5 7 109 64
5 7 110 64
5 7 111 64
5 7 112 64
5 7 113 64
5 7 114 64
5 7 115 64
5 7 116 64
5 7 117 64
5 7 118 64
5 7 119 64
5 7 120 64
5 7 121 64
5 7 122 64
5 7 123 64
5 7 124 64
5 7 125 64
5 7 126 64
5 7 127 64
5 7 128 64
5 7 129 64
5 7 130 64
5 7 131 64
5 7 132 64
5 7 133 64
5 7 134 64
5 7 135 64
5 7 136 64
5 7 137 64
5 7 138 64
5 7 139 64
5 7 140 64
5 7 141 64
5 7 142 64
5 7 143 64
5 7 144 64
5 7 145 64
5 7 146 64
5 7 147 64
5 7 148 64
5 7 149 64
5 7 150 64
5 7 151 64
5 7 152 64
5 7 153 64
5 7 154 64
5 7 155 64
5 7 156 64
5 7 157 64
5 7 158 64
5 7 159 64
5 7 160 64
5 7 161 64
5 7 162 64
5 7 163 64
5 7 164 64
5 7 165 64
5 7 166 64
5 7 167 64
5 7 168 64
5 7 169 64
5 7 170 64
5 7 171 64
5 7 172 64
5 7 173 64
5 7 174 64
5 7 175 64
5 7 176 64
5 7 177 64
5 7 178 64
5 7 179 64
5 7 180 64
5 7 181 64
5 7 182 64
5 7 183 64
5 7 184 64
5 7 185 64
5 7 186 64
5 7 187 64
5 7 188 64
5 7 189 64
5 7 190 64
5 7 191 64
5 8 0 64
5 8 1 64
5 8 2 64
5 8 3 64
5 8 4 64
5 8 5 64
5 8 6 64
5 8 7 64
5 8 8 64
5 8 9 64
5 8 10 64
5 8 11 64
5 8 12 64
5 8 13 64
5 8 14 64
5 8 15 64
5 8 16 64
5 8 17 64
5 8 18 64
5 8 19 64
5 8 20 64
5 8 21 64
5 8 22 64
5 8 23 64
5 8 24 64
5 8 25 64
5 8 26 64
5 8 27 64
5 8 28 64
5 8 29 64
5 8 30 64
5 8 31 64
5 8 32 64
5 8 33 64
5 8 34 64
5 8 35 64
5 8 36 64
5 8 37 64
5 8 38 64
5 8 39 64
5 8 40 64
5 8 41 64
5 8 42 64
5 8 43 64
5 8 44 64
5 8 45 64
5 8 46 64
5 8 47 64
5 8 48 64
5 8 49 64
5 8 50 64
5 8 51 64
5 8 52 64
5 8 53 64
5 8 54 64
5 8 55 64
5 8 56 64
5 8 57 64
5 8 58 64
5 8 59 64
5 8 60 64
5 8 61 64
5 8 62 64
5 8 63 64
5 8 64 64
5 8 65 64
5 8 66 64
5 8 67 64
5 8 68 64
5 8 69 64
5 8 70 64
5 8 71 64
5 8 72 64
5 8 73 64
5 8 74 64
5 8 75 64
5 8 76 64
5 8 77 64
5 8 78 64
5 8 79 64
5 8 80 64
5 8 81 64
5 8 82 64
5 8 83 64
5 8 84 64
5 8 85 64
5 8 86 64
5 8 87 64
5 8 88 64
5 8 89 64
5 8 90 64
5 8 91 64
5 8 92 64
5 8 93 64
5 8 94 64
5 8 95 64
5 8 96 64
5 8 97 64
5 8 98 64
5 8 99 64
5 8 100 64
5 8 101 64
5 8 102 64
5 8 103 64
5 8 104 64
5 8 105 64
5 8 106 64
5 8 107 64
5 8 108 64
5 8 109 64
5 8 110 64
5 8 111 64
5 8 112 64
5 8 113 64
5 8 114 64
5 8 115 64
5 8 116 64
5 8 117 64
5 8 118 64
5 8 119 64
5 8 120 64
5 8 121 64
5 8 122 64
5 8 123 64
5 8 124 64
5 8 125 64
5 8 126 64
5 8 127 64
5 8 128 64
5 8 129 64
5 8 130 64
5 8 131 64
5 8 132 64
5 8 133 64
5 8 134 64
5 8 135 64
5 8 136 64
5 8 137 64
5 8 138 64
5 8 139 64
5 8 140 64
5 8 141 64
5 8 142 64
5 8 143 64
5 8 144 64
5 8 145 64
5 8 146 64
5 8 147 64
5 8 148 64
5 8 149 64
5 8 150 64
5 8 151 64
5 8 152 64
5 8 153 64
5 8 154 64
5 8 155 64
5 8 156 64
5 8 157 64
5 8 158 64
5 8 159 64
5 8 160 64
5 8 161 64
5 8 162 64
5 8 163 64
5 8 164 64
5 8 165 64
5 8 166 64
5 8 167 64
5 8 168 64
5 8 169 64
5 8 170 64
5 8 171 64
5 8 172 64
5 8 173 64
5 8 174 64
5 8 175 64
5 8 176 64
5 8 177 64
5 8 178 64
5 8 179 64
5 8 180 64
5 8 181 64
5 8 182 64
5 8 183 64
5 8 184 64
5 8 185 64
5 8 186 64
5 8 187 64
5 8 188 64
5 8 189 64
5 8 190 64
5 8 191 64
5 9 0 64
5 9 1 64
5 9 2 64
5 9 3 64
5 9 4 64
5 9 5 64
5 9 6 64
5 9 7 64
5 9 8 64
5 9 9 64
5 9 10 64
5 9 11 64
5 9 12 64
5 9 13 64
5 9 14 64
5 9 15 64
5 9 16 64
5 9 17 64
5 9 18 64
5 9 19 64
5 9 20 64
5 9 21 64
5 9 22 64
5 9 23 64
5 9 24 64
5 9 25 64
5 9 26 64
5 9 27 64
5 9 28 64
5 9 29 64
5 9 30 64
5 9 31 64
5 9 32 64
5 9 33 64
5 9 34 64
5 9 35 64
5 9 36 64
5 9 37 64
5 9 38 64
5 9 39 64
5 9 40 64
5 9 41 64
5 9 42 64
5 9 43 64
5 9 44 64
5 9 45 64
5 9 46 64
5 9 47 64
5 9 48 64
5 9 49 64
5 9 50 64
5 9 51 64
5 9 52 64
5 9 53 64
5 9 54 64
5 9 55 64
5 9 56 64
5 9 57 64
5 9 58 64
5 9 59 64
5 9 60 64
5 9 61 64
5 9 62 64
5 9 63 64
5 9 64 64
5 9 65 64
5 9 66 64
5 9 67 64
5 9 68 64
5 9 69 64
5 9 70 64
5 9 71 64
5 9 72 64
5 9 73 64
5 9 74 64
5 9 75 64
5 9 76 64
5 9 77 64
5 9 78 64
5 9 79 64
5 9 80 64
5 9 81 64
5 9 82 64
5 9 83 64
5 9 84 64
5 9 85 64
5 9 86 64
5 9 87 64
5 9 88 64
5 9 89 64
5 9 90 64
5 9 91 64
5 9 92 64
5 9 93 64
5 9 94 64
5 9 95 64
5 9 96 64
5 9 97 64
5 9 98 64
5 9 99 64
5 9 100 64
5 9 101 64
5 9 102 64
5 9 103 64
5 9 104 64
5 9 105 64
5 9 106 64
5 9 107 64
5 9 108 64
5 9 109 64
5 9 110 64
5 9 111 64
5 9 112 64
5 9 113 64
5 9 114 64
5 9 115 64
5 9 116 64
5 9 117 64
5 9 118 64
5 9 119 64
5 9 120 64
5 9 121 64
5 9 122 64
5 9 123 64
5 9 124 64
5 9 125 64
5 9 126 64
5 9 127 64
5 9 128 64
5 9 129 64
5 9 130 64
5 9 131 64
5 9 132 64
5 9 133 64
5 9 134 64
5 9 135 64
5 9 136 64
5 9 137 64
5 9 138 64
5 9 139 64
5 9 140 64
5 9 141 64
5 9 142 64
5 9 143 64
5 9 144 64
5 9 145 64
5 9 146 64
5 9 147 64
5 9 148 64
5 9 149 64
5 9 150 64
5 9 151 64
5 9 152 64
5 9 153 64
5 9 154 64
5 9 155 64
5 9 156 64
5 9 157 64
5 9 158 64
5 9 159 64
5 9 160 64
5 9 161 64
5 9 162 64
5 9 163 64
5 9 164 64
5 9 165 64
5 9 166 64
5 9 167 64
5 9 168 64
5 9 169 64
5 9 170 64
5 9 171 64
5 9 172 64
5 9 173 64
5 9 174 64
5 9 175 64
5 9 176 64
5 9 177 64
5 9 178 64
5 9 179 64
5 9 180 64
5 9 181 64
5 9 182 64
5 9 183 64
5 9 184 64
5 9 185 64
5 9 186 64
5 9 187 64
5 9 188 64
5 9 189 64
5 9 190 64
5 9 191 64
5 10 0 64
5 10 1 64
5 10 2 64
5 10 3 64
5 10 4 64
5 10 5 64
5 10 6 64
5 10 7 64
5 10 8 64
5 10 9 64
5 10 10 64
5 10 11 64
5 10 12 64
5 10 13 64
5 10 14 64
5 10 15 64
5 10 16 64
5 10 17 64
5 10 18 64
5 10 19 64
5 10 20 64
5 10 21 64
5 10 22 64
5 10 23 64
5 10 24 64
5 10 25 64
5 10 26 64
5 10 27 64
5 10 28 64
5 10 29 64
5 10 30 64
5 10 31 64
5 10 32 64
5 10 33 64
5 10 34 64
5 10 35 64
5 10 36 64
5 10 37 64
5 10 38 64
5 10 39 64
5 10 40 64
5 10 41 64
5 10 42 64
5 10 43 64
5 10 44 64
5 10 45 64
5 10 46 64
5 10 47 64
5 10 48 64
5 10 49 64
5 10 50 64
5 10 51 64
5 10 52 64
5 10 53 64
5 10 54 64
5 10 55 64
5 10 56 64
5 10 57 64
5 10 58 64
5 10 59 64
5 10 60 64
5 10 61 64
5 10 62 64
5 10 63 64
5 10 64 64
5 10 65 64
5 10 66 64
5 10 67 64
5 10 68 64
5 10 69 64
5 10 70 64
5 10 71 64
5 10 72 64
5 10 73 64
5 10 74 64
5 10 75 64
5 10 76 64
5 10 77 64
5 10 78 64
5 10 79 64
5 10 80 64
5 10 81 64
5 10 82 64
5 10 83 64
5 10 84 64
5 10 85 64
5 10 86 64
5 10 87 64
5 10 88 64
5 10 89 64
5 10 90 64
5 10 91 64
5 10 92 64
5 10 93 64
5 10 94 64
5 10 95 64
5 10 96 64
5 10 97 64
5 10 98 64
5 10 99 64
5 10 100 64
5 10 101 64
5 10 102 64
5 10 103 64
5 10 104 64
5 10 105 64
5 10 106 64
5 10 107 64
5 10 108 64
5 10 109 64
5 10 110 64
5 10 111 64
5 10 112 64
5 10 113 64
5 10 114 64
5 10 115 64
5 10 116 64
5 10 117 64
5 10 118 64
5 10 119 64
5 10 120 64
5 10 121 64
5 10 122 64
5 10 123 64
5 10 124 64
5 10 125 64
5 10 126 64
5 10 127 64
5 10 128 64
5 10 129 64
5 10 130 64
5 10 131 64
5 10 132 64
5 10 133 64
5 10 134 64
5 10 135 64
5 10 136 64
5 10 137 64
5 10 138 64
5 10 139 64
5 10 140 64
5 10 141 64
5 10 142 64
5 10 143 64
5 10 144 64
5 10 145 64
5 10 146 64
5 10 147 64
5 10 148 64
5 10 149 64
5 10 150 64
5 10 151 64
5 10 152 64
5 10 153 64
5 10 154 64
5 10 155 64
5 10 156 64
5 10 157 64
5 10 158 64
5 10 159 64
5 10 160 64
5 10 161 64
5 10 162 64
5 10 163 64
5 10 164 64
5 10 165 64
5 10 166 64
5 10 167 64
5 10 168 64
5 10 169 64
5 10 170 64
5 10 171 64
5 10 172 64
5 10 173 64
5 10 174 64
5 10 175 64
5 10 176 64
5 10 177 64
5 10 178 64
5 10 179 64
5 10 180 64
5 10 181 64
5 10 182 64
5 10 183 64
5 10 184 64
5 10 185 64
5 10 186 64
5 10 187 64
5 10 188 64
5 10 189 64
5 10 190 64
5 10 191 64
5 11 0 64
5 11 1 64
5 11 2 64
5 11 3 64
5 11 4 64
5 11 5 64
5 11 6 64
5 11 7 64
5 11 8 64
5 11 9 64
5 11 10 64
5 11 11 64
5 11 12 64
5 11 13 64
5 11 14 64
5 11 15 64
5 11 16 64
5 11 17 64
5 11 18 64
5 11 19 64
5 11 20 64
5 11 21 64
5 11 22 64
5 11 23 64
5 11 24 64
5 11 25 64
5 11 26 64
5 11 27 64
5 11 28 64
5 11 29 64
5 11 30 64
5 11 31 64
5 11 32 64
5 11 33 64
5 11 34 64
5 11 35 64
5 11 36 64
5 11 37 64
5 11 38 64
5 11 39 64
5 11 40 6
5 11 41 64
5 11 42 64
5 11 43 64
5 11 44 64
5 11 45 64
5 11 46 64
5 11 47 64
5 11 48 64
5 11 49 64
5 11 50 64
5 11 51 64
5 11 52 64
5 11 53 64
5 11 54 64
5 11 55 64
5 11 56 64
5 11 57 64
5 11 58 64
5 11 59 64
5 11 60 64
5 11 61 64
5 11 62 64
5 11 63 64
5 11 64 64
5 11 65 64
5 11 66 64
5 11 67 64
5 11 68 64
5 11 69 64
5 11 70 64
5 11 71 64
5 11 72 64
5 11 73 64
5 11 74 64
5 11 75 64
5 11 76 64
5 11 77 64
5 11 78 64
5 11 79 64
5 11 80 64
5 11 81 64
5 11 82 64
5 11 83 64
5 11 84 64
5 11 85 64
5 11 86 64
5 11 87 64
5 11 88 64
5 11 89 64
5 11 90 64
5 11 91 64
5 11 92 64
5 11 93 64
5 11 94 64
5 11 95 64
5 11 96 64
5 11 97 64
5 11 98 64
5 11 99 64
5 11 100 64
5 11 101 64
5 11 102 64
5 11 103 64
5 11 104 64
5 11 105 64
5 11 106 64
5 11 107 64
5 11 108 64
5 11 109 64
5 11 110 64
5 11 111 64
5 11 112 64
5 11 113 64
5 11 114 64
5 11 115 64
5 11 116 64
5 11 117 64
5 11 118 64
5 11 119 64
5 11 120 64
5 11 121 64
5 11 122 64
5 11 123 64
5 11 124 64
5 11 125 64
5 11 126 64
5 11 127 64
5 11 128 64
5 11 129 64
5 11 130 64
5 11 131 64
5 11 132 64
5 11 133 64
5 11 134 64
5 11 135 64
5 11 136 64
5 11 137 64
5 11 138 64
5 11 139 64
5 11 140 64
5 11 141 64
5 11 142 64
5 11 143 64
5 11 144 64
5 11 145 64
5 11 146 64
5 11 147 64
5 11 148 64
5 11 149 64
5 11 150 64
5 11 151 64
5 11 152 64
5 11 153 64
5 11 154 64
5 11 155 64
5 11 156 64
5 11 157 64
5 11 158 64
5 11 159 64
5 11 160 64
5 11 161 64
5 11 162 64
5 11 163 64
5 11 164 64
5 11 165 64
5 11 166 64
5 11 167 64
5 11 168 64
5 11 169 64
5 11 170 64
5 11 171 64
5 11 172 64
5 11 173 64
5 11 174 64
5 11 175 64
5 11 176 64
5 11 177 64
5 11 178 64
5 11 179 64
5 11 180 64
5 11 181 64
5 11 182 64
5 11 183 64
5 11 184 64
5 11 185 64
5 11 186 64
5 11 187 64
5 11 188 64
5 11 189 64
5 11 190 64
5 11 191 64
