5 5 0 80
5 5 1 91
5 5 2 89
5 5 3 86
5 5 4 85
5 5 5 90
5 5 6 92
5 5 7 86
5 5 8 81
5 5 9 87
5 5 10 91
5 5 11 85
5 5 12 83
5 5 13 89
5 5 14 85
5 5 15 90
5 5 16 78
5 5 17 94
5 5 18 85
5 5 19 97
5 5 20 79
5 5 21 83
5 5 22 86
5 5 23 90
5 5 24 79
5 5 25 86
5 5 26 84
5 5 27 92
5 5 28 78
5 5 29 85
5 5 30 88
5 5 31 85
5 5 32 76
5 5 33 68
5 5 34 71
5 5 35 57
5 5 36 74
5 5 37 69
5 5 38 72
5 5 39 63
5 5 40 75
5 5 41 74
5 5 42 70
5 5 43 65
5 5 44 75
5 5 45 71
5 5 46 70
5 5 47 66
5 5 48 79
5 5 49 73
5 5 50 77
5 5 51 67
5 5 52 80
5 5 53 74
5 5 54 72
5 5 55 67
5 5 56 82
5 5 57 77
5 5 58 74
5 5 59 66
5 5 60 78
5 5 61 72
5 5 62 76
5 5 63 72
5 5 64 67
5 5 65 69
5 5 66 66
5 5 67 75
5 5 68 69
5 5 69 82
5 5 70 72
5 5 71 74
5 5 72 77
5 5 73 80
5 5 74 74
5 5 75 76
5 5 76 74
5 5 77 80
5 5 78 72
5 5 79 73
5 5 80 73
5 5 81 76
5 5 82 70
5 5 83 70
5 5 84 68
5 5 85 75
5 5 86 75
5 5 87 71
5 5 88 70
5 5 89 77
5 5 90 72
5 5 91 65
5 5 92 65
5 5 93 63
5 5 94 66
5 5 95 62
5 5 96 62
5 5 97 59
5 5 98 58
5 5 99 52
5 5 100 66
5 5 101 61
5 5 102 61
5 5 103 53
5 5 104 67
5 5 105 64
5 5 106 68
5 5 107 52
5 5 108 70
5 5 109 67
5 5 110 68
5 5 111 53
5 5 112 71
5 5 113 64
5 5 114 67
5 5 115 51
5 5 116 71
5 5 117 64
5 5 118 67
5 5 119 49
5 5 120 61
5 5 121 56
5 5 122 58
5 5 123 48
5 5 124 59
5 5 125 52
5 5 126 53
5 5 127 49
5 5 128 79
5 5 129 94
5 5 130 85
5 5 131 91
5 5 132 80
5 5 133 88
5 5 134 83
5 5 135 81
5 5 136 76
5 5 137 84
5 5 138 77
5 5 139 79
5 5 140 76
5 5 141 83
5 5 142 76
5 5 143 78
5 5 144 76
5 5 145 82
5 5 146 79
5 5 147 77
5 5 148 79
5 5 149 83
5 5 150 81
5 5 151 83
5 5 152 84
5 5 153 86
5 5 154 85
5 5 155 81
5 5 156 79
5 5 157 84
5 5 158 88
5 5 159 80
5 5 160 82
5 5 161 69
5 5 162 69
5 5 163 60
5 5 164 82
5 5 165 68
5 5 166 74
5 5 167 66
5 5 168 76
5 5 169 68
5 5 170 70
5 5 171 61
5 5 172 75
5 5 173 72
5 5 174 68
5 5 175 58
5 5 176 72
5 5 177 69
5 5 178 70
5 5 179 57
5 5 180 72
5 5 181 66
5 5 182 65
5 5 183 55
5 5 184 75
5 5 185 64
5 5 186 67
5 5 187 57
5 5 188 80
5 5 189 63
5 5 190 70
5 5 191 58
5 6 0 69
5 6 1 81
5 6 2 75
5 6 3 89
5 6 4 77
5 6 5 86
5 6 6 80
5 6 7 86
5 6 8 74
5 6 9 83
5 6 10 77
5 6 11 80
5 6 12 71
5 6 13 78
5 6 14 76
5 6 15 74
5 6 16 70
5 6 17 74
5 6 18 74
5 6 19 70
5 6 20 68
5 6 21 77
5 6 22 73
5 6 23 71
5 6 24 70
5 6 25 76
5 6 26 73
5 6 27 68
5 6 28 58
5 6 29 67
5 6 30 64
5 6 31 67
5 6 32 58
5 6 33 57
5 6 34 56
5 6 35 52
5 6 36 70
5 6 37 65
5 6 38 64
5 6 39 53
5 6 40 68
5 6 41 65
5 6 42 65
5 6 43 56
5 6 44 69
5 6 45 72
5 6 46 69
5 6 47 59
5 6 48 73
5 6 49 76
5 6 50 74
5 6 51 61
5 6 52 73
5 6 53 74
5 6 54 72
5 6 55 60
5 6 56 73
5 6 57 71
5 6 58 72
5 6 59 61
5 6 60 65
5 6 61 64
5 6 62 66
5 6 63 57
5 6 64 72
5 6 65 77
5 6 66 80
5 6 67 69
5 6 68 77
5 6 69 79
5 6 70 79
5 6 71 76
5 6 72 79
5 6 73 89
5 6 74 83
5 6 75 73
5 6 76 82
5 6 77 88
5 6 78 85
5 6 79 78
5 6 80 85
5 6 81 83
5 6 82 81
5 6 83 72
5 6 84 77
5 6 85 80
5 6 86 82
5 6 87 68
5 6 88 69
5 6 89 73
5 6 90 70
5 6 91 63
5 6 92 62
5 6 93 65
5 6 94 65
5 6 95 61
5 6 96 58
5 6 97 62
5 6 98 61
5 6 99 58
5 6 100 63
5 6 101 72
5 6 102 67
5 6 103 64
5 6 104 75
5 6 105 80
5 6 106 79
5 6 107 67
5 6 108 80
5 6 109 85
5 6 110 79
5 6 111 68
5 6 112 85
5 6 113 87
5 6 114 86
5 6 115 71
5 6 116 75
5 6 117 86
5 6 118 81
5 6 119 74
5 6 120 75
5 6 121 82
5 6 122 77
5 6 123 92
5 6 124 74
5 6 125 79
5 6 126 74
5 6 127 68
5 6 128 73
5 6 129 79
5 6 130 75
5 6 131 77
5 6 132 76
5 6 133 88
5 6 134 87
5 6 135 78
5 6 136 72
5 6 137 78
5 6 138 75
5 6 139 74
5 6 140 72
5 6 141 78
5 6 142 76
5 6 143 72
5 6 144 71
5 6 145 74
5 6 146 75
5 6 147 68
5 6 148 69
5 6 149 73
5 6 150 75
5 6 151 69
5 6 152 72
5 6 153 74
5 6 154 72
5 6 155 69
5 6 156 69
5 6 157 65
5 6 158 71
5 6 159 67
5 6 160 65
5 6 161 71
5 6 162 68
5 6 163 56
5 6 164 69
5 6 165 75
5 6 166 70
5 6 167 60
5 6 168 67
5 6 169 73
5 6 170 68
5 6 171 60
5 6 172 70
5 6 173 71
5 6 174 67
5 6 175 63
5 6 176 71
5 6 177 71
5 6 178 70
5 6 179 59
5 6 180 69
5 6 181 74
5 6 182 66
5 6 183 61
5 6 184 70
5 6 185 78
5 6 186 72
5 6 187 59
5 6 188 66
5 6 189 68
5 6 190 70
5 6 191 60
5 7 0 74
5 7 1 75
5 7 2 72
5 7 3 73
5 7 4 75
5 7 5 80
5 7 6 73
5 7 7 72
5 7 8 73
5 7 9 74
5 7 10 72
5 7 11 71
5 7 12 73
5 7 13 73
5 7 14 72
5 7 15 71
5 7 16 71
5 7 17 75
5 7 18 74
5 7 19 68
5 7 20 73
5 7 21 76
5 7 22 77
5 7 23 72
5 7 24 82
5 7 25 83
5 7 26 81
5 7 27 74
5 7 28 80
5 7 29 84
5 7 30 83
5 7 31 77
5 7 32 78
5 7 33 65
5 7 34 69
5 7 35 59
5 7 36 74
5 7 37 65
5 7 38 69
5 7 39 58
5 7 40 68
5 7 41 64
5 7 42 65
5 7 43 57
5 7 44 67
5 7 45 63
5 7 46 66
5 7 47 59
5 7 48 70
5 7 49 64
5 7 50 65
5 7 51 57
5 7 52 70
5 7 53 64
5 7 54 65
5 7 55 59
5 7 56 73
5 7 57 69
5 7 58 68
5 7 59 60
5 7 60 71
5 7 61 64
5 7 62 68
5 7 63 60
5 7 64 66
5 7 65 62
5 7 66 70
5 7 67 63
5 7 68 69
5 7 69 72
5 7 70 71
5 7 71 66
5 7 72 66
5 7 73 70
5 7 74 68
5 7 75 72
5 7 76 65
5 7 77 68
5 7 78 65
5 7 79 76
5 7 80 63
5 7 81 68
5 7 82 63
5 7 83 70
5 7 84 62
5 7 85 60
5 7 86 61
5 7 87 71
5 7 88 58
5 7 89 58
5 7 90 56
5 7 91 67
5 7 92 50
5 7 93 53
5 7 94 54
5 7 95 87
5 7 96 47
5 7 97 54
5 7 98 51
5 7 99 50
5 7 100 55
5 7 101 61
5 7 102 55
5 7 103 50
5 7 104 73
5 7 105 62
5 7 106 57
5 7 107 51
5 7 108 61
5 7 109 67
5 7 110 62
5 7 111 54
5 7 112 66
5 7 113 72
5 7 114 66
5 7 115 56
5 7 116 63
5 7 117 68
5 7 118 63
5 7 119 55
5 7 120 63
5 7 121 67
5 7 122 65
5 7 123 55
5 7 124 61
5 7 125 62
5 7 126 63
5 7 127 55
5 7 128 65
5 7 129 74
5 7 130 71
5 7 131 66
5 7 132 73
5 7 133 78
5 7 134 76
5 7 135 68
5 7 136 77
5 7 137 83
5 7 138 79
5 7 139 67
5 7 140 80
5 7 141 81
5 7 142 77
5 7 143 68
5 7 144 78
5 7 145 77
5 7 146 78
5 7 147 66
5 7 148 75
5 7 149 79
5 7 150 76
5 7 151 69
5 7 152 76
5 7 153 76
5 7 154 76
5 7 155 71
5 7 156 68
5 7 157 74
5 7 158 72
5 7 159 67
5 7 160 64
5 7 161 63
5 7 162 61
5 7 163 58
5 7 164 68
5 7 165 66
5 7 166 65
5 7 167 63
5 7 168 71
5 7 169 72
5 7 170 68
5 7 171 64
5 7 172 78
5 7 173 73
5 7 174 74
5 7 175 65
5 7 176 77
5 7 177 78
5 7 178 72
5 7 179 69
5 7 180 72
5 7 181 77
5 7 182 76
5 7 183 67
5 7 184 71
5 7 185 72
5 7 186 74
5 7 187 66
5 7 188 68
5 7 189 68
5 7 190 73
5 7 191 61
5 8 0 76
5 8 1 79
5 8 2 77
5 8 3 72
5 8 4 80
5 8 5 80
5 8 6 80
5 8 7 71
5 8 8 81
5 8 9 76
5 8 10 75
5 8 11 71
5 8 12 78
5 8 13 79
5 8 14 76
5 8 15 69
5 8 16 76
5 8 17 74
5 8 18 77
5 8 19 72
5 8 20 74
5 8 21 75
5 8 22 78
5 8 23 73
5 8 24 75
5 8 25 76
5 8 26 76
5 8 27 69
5 8 28 70
5 8 29 73
5 8 30 72
5 8 31 67
5 8 32 74
5 8 33 75
5 8 34 71
5 8 35 66
5 8 36 72
5 8 37 77
5 8 38 75
5 8 39 72
5 8 40 71
5 8 41 79
5 8 42 73
5 8 43 76
5 8 44 73
5 8 45 80
5 8 46 74
5 8 47 71
5 8 48 76
5 8 49 78
5 8 50 81
5 8 51 72
5 8 52 77
5 8 53 80
5 8 54 75
5 8 55 75
5 8 56 77
5 8 57 87
5 8 58 81
5 8 59 76
5 8 60 80
5 8 61 83
5 8 62 80
5 8 63 78
5 8 64 77
5 8 65 84
5 8 66 76
5 8 67 82
5 8 68 80
5 8 69 91
5 8 70 79
5 8 71 86
5 8 72 82
5 8 73 87
5 8 74 83
5 8 75 91
5 8 76 86
5 8 77 93
5 8 78 87
5 8 79 90
5 8 80 85
5 8 81 90
5 8 82 87
5 8 83 88
5 8 84 83
5 8 85 88
5 8 86 84
5 8 87 89
5 8 88 79
5 8 89 87
5 8 90 81
5 8 91 83
5 8 92 81
5 8 93 81
5 8 94 79
5 8 95 81
5 8 96 80
5 8 97 70
5 8 98 73
5 8 99 60
5 8 100 77
5 8 101 70
5 8 102 75
5 8 103 64
5 8 104 79
5 8 105 71
5 8 106 74
5 8 107 66
5 8 108 79
5 8 109 71
5 8 110 77
5 8 111 64
5 8 112 80
5 8 113 74
5 8 114 78
5 8 115 65
5 8 116 82
5 8 117 75
5 8 118 75
5 8 119 65
5 8 120 78
5 8 121 75
5 8 122 77
5 8 123 64
5 8 124 76
5 8 125 71
5 8 126 76
5 8 127 62
5 8 128 54
5 8 129 56
5 8 130 55
5 8 131 56
5 8 132 66
5 8 133 69
5 8 134 64
5 8 135 63
5 8 136 66
5 8 137 67
5 8 138 66
5 8 139 64
5 8 140 66
5 8 141 68
5 8 142 71
5 8 143 64
5 8 144 70
5 8 145 73
5 8 146 72
5 8 147 64
5 8 148 66
5 8 149 68
5 8 150 73
5 8 151 66
5 8 152 67
5 8 153 71
5 8 154 69
5 8 155 68
5 8 156 60
5 8 157 62
5 8 158 62
5 8 159 65
5 8 160 54
5 8 161 55
5 8 162 52
5 8 163 48
5 8 164 61
5 8 165 63
5 8 166 62
5 8 167 48
5 8 168 64
5 8 169 65
5 8 170 66
5 8 171 49
5 8 172 70
5 8 173 67
5 8 174 66
5 8 175 51
5 8 176 68
5 8 177 67
5 8 178 67
5 8 179 54
5 8 180 66
5 8 181 61
5 8 182 62
5 8 183 54
5 8 184 66
5 8 185 63
5 8 186 61
5 8 187 73
5 8 188 54
5 8 189 55
5 8 190 51
5 8 191 51
5 9 0 84
5 9 1 80
5 9 2 85
5 9 3 108
5 9 4 80
5 9 5 99
5 9 6 84
5 9 7 103
5 9 8 55
5 9 9 93
5 9 10 69
5 9 11 87
5 9 12 48
5 9 13 86
5 9 14 57
5 9 15 78
5 9 16 48
5 9 17 84
5 9 18 57
5 9 19 76
5 9 20 53
5 9 21 85
5 9 22 73
5 9 23 73
5 9 24 65
5 9 25 80
5 9 26 71
5 9 27 74
5 9 28 56
5 9 29 60
5 9 30 55
5 9 31 77
5 9 32 59
5 9 33 61
5 9 34 63
5 9 35 56
5 9 36 61
5 9 37 62
5 9 38 68
5 9 39 49
5 9 40 51
5 9 41 63
5 9 42 63
5 9 43 48
5 9 44 48
5 9 45 72
5 9 46 54
5 9 47 48
5 9 48 50
5 9 49 67
5 9 50 54
5 9 51 50
5 9 52 57
5 9 53 68
5 9 54 59
5 9 55 57
5 9 56 67
5 9 57 69
5 9 58 69
5 9 59 61
5 9 60 79
5 9 61 64
5 9 62 71
5 9 63 69
5 9 64 48
5 9 65 55
5 9 66 49
5 9 67 73
5 9 68 54
5 9 69 70
5 9 70 58
5 9 71 75
5 9 72 41
5 9 73 71
5 9 74 55
5 9 75 77
5 9 76 41
5 9 77 73
5 9 78 47
5 9 79 75
5 9 80 43
5 9 81 77
5 9 82 51
5 9 83 78
5 9 84 49
5 9 85 82
5 9 86 65
5 9 87 87
5 9 88 73
5 9 89 81
5 9 90 82
5 9 91 93
5 9 92 68
5 9 93 71
5 9 94 70
5 9 95 89
5 9 96 72
5 9 97 67
5 9 98 68
5 9 99 73
5 9 100 78
5 9 101 83
5 9 102 82
5 9 103 66
5 9 104 54
5 9 105 70
5 9 106 72
5 9 107 62
5 9 108 45
5 9 109 69
5 9 110 58
5 9 111 59
5 9 112 42
5 9 113 67
5 9 114 52
5 9 115 58
5 9 116 43
5 9 117 63
5 9 118 57
5 9 119 56
5 9 120 58
5 9 121 60
5 9 122 59
5 9 123 54
5 9 124 49
5 9 125 51
5 9 126 49
5 9 127 77
5 9 128 61
5 9 129 65
5 9 130 69
5 9 131 73
5 9 132 63
5 9 133 73
5 9 134 78
5 9 135 69
5 9 136 58
5 9 137 69
5 9 138 67
5 9 139 76
5 9 140 60
5 9 141 72
5 9 142 69
5 9 143 70
5 9 144 64
5 9 145 97
5 9 146 73
5 9 147 71
5 9 148 66
5 9 149 86
5 9 150 78
5 9 151 96
5 9 152 83
5 9 153 92
5 9 154 82
5 9 155 78
5 9 156 82
5 9 157 87
5 9 158 87
5 9 159 90
5 9 160 77
5 9 161 86
5 9 162 77
5 9 163 87
5 9 164 69
5 9 165 95
5 9 166 80
5 9 167 79
5 9 168 63
5 9 169 83
5 9 170 77
5 9 171 76
5 9 172 69
5 9 173 80
5 9 174 70
5 9 175 70
5 9 176 61
5 9 177 74
5 9 178 71
5 9 179 68
5 9 180 59
5 9 181 70
5 9 182 67
5 9 183 74
5 9 184 65
5 9 185 69
5 9 186 65
5 9 187 67
5 9 188 62
5 9 189 69
5 9 190 64
5 9 191 69
5 10 0 92
5 10 1 87
5 10 2 104
5 10 3 86
5 10 4 98
5 10 5 91
5 10 6 101
5 10 7 88
5 10 8 93
5 10 9 88
5 10 10 93
5 10 11 88
5 10 12 92
5 10 13 89
5 10 14 91
5 10 15 80
5 10 16 89
5 10 17 88
5 10 18 92
5 10 19 73
5 10 20 90
5 10 21 91
5 10 22 88
5 10 23 76
5 10 24 94
5 10 25 86
5 10 26 88
5 10 27 77
5 10 28 84
5 10 29 84
5 10 30 88
5 10 31 81
5 10 32 93
5 10 33 89
5 10 34 94
5 10 35 79
5 10 36 102
5 10 37 90
5 10 38 93
5 10 39 78
5 10 40 90
5 10 41 89
5 10 42 91
5 10 43 102
5 10 44 93
5 10 45 82
5 10 46 86
5 10 47 78
5 10 48 98
5 10 49 91
5 10 50 91
5 10 51 70
5 10 52 98
5 10 53 97
5 10 54 93
5 10 55 71
5 10 56 106
5 10 57 90
5 10 58 100
5 10 59 71
5 10 60 106
5 10 61 102
5 10 62 107
5 10 63 79
5 10 64 82
5 10 65 97
5 10 66 85
5 10 67 94
5 10 68 92
5 10 69 110
5 10 70 94
5 10 71 99
5 10 72 85
5 10 73 99
5 10 74 99
5 10 75 90
5 10 76 84
5 10 77 101
5 10 78 91
5 10 79 84
5 10 80 82
5 10 81 92
5 10 82 84
5 10 83 78
5 10 84 81
5 10 85 88
5 10 86 82
5 10 87 88
5 10 88 80
5 10 89 94
5 10 90 84
5 10 91 83
5 10 92 75
5 10 93 87
5 10 94 76
5 10 95 83
5 10 96 69
5 10 97 58
5 10 98 59
5 10 99 50
5 10 100 75
5 10 101 60
5 10 102 66
5 10 103 45
5 10 104 76
5 10 105 64
5 10 106 65
5 10 107 46
5 10 108 77
5 10 109 63
5 10 110 71
5 10 111 47
5 10 112 80
5 10 113 66
5 10 114 72
5 10 115 47
5 10 116 79
5 10 117 65
5 10 118 68
5 10 119 48
5 10 120 85
5 10 121 59
5 10 122 69
5 10 123 48
5 10 124 77
5 10 125 61
5 10 126 72
5 10 127 54
5 10 128 72
5 10 129 77
5 10 130 76
5 10 131 63
5 10 132 87
5 10 133 85
5 10 134 85
5 10 135 70
5 10 136 85
5 10 137 85
5 10 138 88
5 10 139 75
5 10 140 90
5 10 141 83
5 10 142 86
5 10 143 74
5 10 144 91
5 10 145 83
5 10 146 86
5 10 147 72
5 10 148 83
5 10 149 85
5 10 150 88
5 10 151 69
5 10 152 84
5 10 153 83
5 10 154 88
5 10 155 68
5 10 156 76
5 10 157 79
5 10 158 79
5 10 159 64
5 10 160 71
5 10 161 76
5 10 162 71
5 10 163 69
5 10 164 79
5 10 165 85
5 10 166 81
5 10 167 74
5 10 168 79
5 10 169 85
5 10 170 80
5 10 171 77
5 10 172 84
5 10 173 88
5 10 174 84
5 10 175 80
5 10 176 89
5 10 177 95
5 10 178 88
5 10 179 84
5 10 180 86
5 10 181 93
5 10 182 87
5 10 183 84
5 10 184 81
5 10 185 93
5 10 186 86
5 10 187 86
5 10 188 73
5 10 189 85
5 10 190 75
5 10 191 73
5 11 0 94
5 11 1 101
5 11 2 83
5 11 3 97
5 11 4 78
5 11 5 96
5 11 6 87
5 11 7 105
5 11 8 80
5 11 9 75
5 11 10 71
5 11 11 91
5 11 12 70
5 11 13 79
5 11 14 68
5 11 15 85
5 11 16 64
5 11 17 83
5 11 18 68
5 11 19 82
5 11 20 68
5 11 21 78
5 11 22 69
5 11 23 82
5 11 24 67
5 11 25 73
5 11 26 67
5 11 27 72
5 11 28 67
5 11 29 78
5 11 30 78
5 11 31 76
5 11 32 70
5 11 33 63
5 11 34 65
5 11 35 62
5 11 36 61
5 11 37 64
5 11 38 59
5 11 39 60
5 11 40 60
5 11 41 64
5 11 42 57
5 11 43 55
5 11 44 63
5 11 45 62
5 11 46 63
5 11 47 59
5 11 48 63
5 11 49 61
5 11 50 67
5 11 51 58
5 11 52 74
5 11 53 72
5 11 54 69
5 11 55 64
5 11 56 80
5 11 57 80
5 11 58 73
5 11 59 68
5 11 60 92
5 11 61 82
5 11 62 91
5 11 63 71
5 11 64 98
5 11 65 77
5 11 66 90
5 11 67 90
5 11 68 66
5 11 69 84
5 11 70 63
5 11 71 89
5 11 72 55
5 11 73 74
5 11 74 56
5 11 75 98
5 11 76 58
5 11 77 70
5 11 78 56
5 11 79 87
5 11 80 71
5 11 81 86
5 11 82 65
5 11 83 89
5 11 84 78
5 11 85 87
5 11 86 75
5 11 87 107
5 11 88 74
5 11 89 87
5 11 90 79
5 11 91 103
5 11 92 94
5 11 93 85
5 11 94 94
5 11 95 114
5 11 96 93
5 11 97 86
5 11 98 86
5 11 99 91
5 11 100 76
5 11 101 88
5 11 102 82
5 11 103 84
5 11 104 69
5 11 105 84
5 11 106 67
5 11 107 74
5 11 108 63
5 11 109 73
5 11 110 56
5 11 111 74
5 11 112 55
5 11 113 68
5 11 114 53
5 11 115 68
5 11 116 55
5 11 117 66
5 11 118 53
5 11 119 65
5 11 120 58
5 11 121 72
5 11 122 61
5 11 123 99
5 11 124 77
5 11 125 73
5 11 126 74
5 11 127 75
5 11 128 79
5 11 129 84
5 11 130 82
5 11 131 73
5 11 132 94
5 11 133 105
5 11 134 101
5 11 135 88
5 11 136 91
5 11 137 107
5 11 138 112
5 11 139 89
5 11 140 90
5 11 141 108
5 11 142 98
5 11 143 91
5 11 144 91
5 11 145 96
5 11 146 96
5 11 147 87
5 11 148 73
5 11 149 95
5 11 150 87
5 11 151 76
5 11 152 67
5 11 153 87
5 11 154 81
5 11 155 70
5 11 156 57
5 11 157 70
5 11 158 66
5 11 159 62
5 11 160 59
5 11 161 65
5 11 162 54
5 11 163 48
5 11 164 57
5 11 165 64
5 11 166 64
5 11 167 47
5 11 168 67
5 11 169 65
5 11 170 60
5 11 171 50
5 11 172 76
5 11 173 71
5 11 174 65
5 11 175 51
5 11 176 80
5 11 177 71
5 11 178 65
5 11 179 55
5 11 180 76
5 11 181 71
5 11 182 63
5 11 183 61
5 11 184 85
5 11 185 83
5 11 186 83
5 11 187 60
5 11 188 76
5 11 189 76
5 11 190 72
5 11 191 56
