3  1 0  1   1   184.585    3.582
3  1 1  1   2   188.997    3.954
3  1 2  1   3   189.772    6.240
3  0 0  1   4   185.314    2.872
3  0 1  1   5   179.833    2.548
3  0 2  1   6   189.428    2.818
3  7 0  1   7   190.148    6.077
3  7 2  1   8   187.337    5.902
3  3 0  1   9   194.660    3.497
3  3 1  1  10   184.957    3.820
3  3 2  1  11   183.107    4.610
3  2 0  1  12   191.465    5.786
3  2 2  1  13   193.058    5.566
3  6 0  1  14   200.123    3.544
3  6 1  1  15   184.611    3.411
3  6 2  1  16   187.699    4.717
3  5 0  1  17   193.163    3.981
3  5 2  1  18   190.848    3.198
3  4 0  1  19   179.596    2.955
3  4 1  1  20   193.045    2.519
3  4 2  1  21   193.279    3.054
3 10 0  1  22   181.952    3.735
3 10 1  1  23   190.524    3.614
3 10 2  1  24   183.729    5.195
3  9 0  1  25   185.983    2.581
3  9 1  1  26   193.626    5.245
3  9 2  1  27   181.720    5.812
3  8 0  1  28   188.293    3.272
3  8 1  1  29   193.259    3.059
3  8 2  1  30   196.513    3.725
3 15 0  1  31   180.943    4.346
3 15 2  1  32   194.717    6.047
3 14 0  1  33   190.518    3.800
3 14 1  1  34   190.623    4.159
3 14 2  1  35   189.513    9.516
3 13 0  1  36   191.288    5.226
3 13 1  1  37   185.574    4.085
3 13 2  1  38   182.991    5.449
3 12 0  1  39   185.430    3.475
3 12 2  1  40   192.487    6.318
3 19 0  1  41   189.972    5.828
3 19 1  1  42   188.068    3.806
3 19 2  1  43   196.069    4.287
3 18 0  1  44   180.956    4.060
3 18 1  1  45   186.488    4.157
3 18 2  1  46   192.540    4.632
3 17 0  1  47   184.962    4.235
3 17 1  1  48   198.477    4.369
3 17 2  1  49   178.227    4.424
3 16 0  1  50   196.084    4.151
3 16 2  1  51   191.840    6.278
3 23 0  1  52   195.372    4.348
3 23 1  1  53   188.256    4.407
3 23 2  1  54   187.743    5.508
3 22 0  1  55   180.930    3.818
3 22 1  1  56   181.504    3.222
3 22 2  1  57   189.794    9.901
3 21 0  1  58   186.268    5.215
3 21 1  1  59   186.783    4.299
3 21 2  1  60   177.890    4.467
3 20 0  1  61   187.111    3.936
3 20 1  1  62   190.972    7.347
3 20 2  1  63   187.202    4.169
3 27 0  1  64   182.172    4.780
3 27 2  1  65   186.582    5.287
3 26 0  1  66   181.041    4.136
3 26 1  1  67   187.039    5.864
3 26 2  1  68   175.563    5.828
3 25 0  1  69   183.534    4.280
3 25 1  1  70   192.542    4.766
3 25 2  1  71   184.493    7.170
3 24 0  1  72   185.024    4.848
3 24 1  1  73   190.542    3.430
3 24 2  1  74   192.124    8.048
4  8 0  1  75   188.975    4.845
4  8 2  1  76   182.106    7.478
3 31 0  1  77   182.888    4.294
3 31 1  1  78   182.977    3.040
3 31 2  1  79   185.738    4.404
3 30 0  1  80   185.973    5.005
3 30 1  1  81   200.811    4.706
3 30 2  1  82   194.429    5.567
3 29 0  1  83   187.043    5.528
3 29 1  1  84   200.555    5.012
3 29 2  1  85   193.853    5.598
3 28 0  1  86   185.520    4.203
3 28 1  1  87   191.799    3.362
3 28 2  1  88   198.084    5.257
4  9 0  1  89   186.043    4.986
4  9 2  1  90   186.189    5.834
4  3 0  1  91   191.182    3.226
4  3 1  1  92   185.911    6.172
4  3 2  1  93   187.157    6.219
4  2 0  1  94   185.505    6.346
4  2 1  1  95   187.166    4.994
4  2 2  1  96   188.329    5.583
4  1 0  1  97   188.735    4.670
4  1 1  1  98   182.681    3.987
4  1 2  1  99   177.691    5.111
4  0 0  1 100   184.950    5.110
4  0 1  1 101   188.214    3.938
4  0 2  1 102   184.328    5.924
4 10 0  1 103   196.776    4.805
4 10 1  1 104   179.081    4.917
4 10 2  1 105   188.986    6.604
4  7 0  1 106   184.901    4.584
4  7 2  1 107   185.959    5.359
4  6 0  1 108   189.196    4.418
4  6 1  1 109   186.238    4.893
4  6 2  1 110   190.810    6.008
4  5 0  1 111   190.467    4.330
4  5 1  1 112   183.084    4.537
4  5 2  1 113   197.554    7.078
4  4 0  1 114   186.262    5.778
4  4 1  1 115   194.565    6.274
4  4 2  1 116   188.160    6.445
4 11 0  1 117   187.101    5.609
4 11 1  1 118   192.000    5.121
4 11 2  1 119   182.720    7.493
4 24 0  1 120   180.006    4.689
4 24 2  1 121   189.272    6.854
4 15 0  1 122   189.856    6.609
4 15 1  1 123   201.278    6.308
4 15 2  1 124   192.222    8.338
4 14 0  1 125   187.359    4.671
4 14 1  1 126   183.305    5.623
4 14 2  1 127   188.192    7.724
4 13 0  1 128   183.650    7.490
4 13 1  1 129   187.914    5.619
4 13 2  1 130   188.950    6.987
4 12 0  1 131   179.713    4.699
4 12 1  1 132   187.969    4.870
4 12 2  1 133   186.622    5.347
4 28 0  1 134   192.552    7.815
4 28 1  1 135   191.173    3.800
4 28 2  1 136   187.516    6.092
4 25 0  1 137   190.785    7.336
4 25 2  1 138   183.080    6.168
4 19 0  1 139   186.777    5.469
4 19 1  1 140   185.197    6.386
4 19 2  1 141   191.127    8.918
4 18 0  1 142   186.953    4.679
4 18 1  1 143   190.575    8.537
4 18 2  1 144   195.901    8.236
5  7 0  1 145   186.263    5.610
5  7 1  1 146   180.084    4.411
5  7 2  1 147   188.608    8.160
4 16 0  1 148   189.335    5.943
4 16 1  1 149   192.127    6.820
4 16 2  1 150   195.733    6.463
4 29 0  1 151   188.568    4.389
4 29 1  1 152   190.996    2.052
4 29 2  1 153   185.414    5.351
4 26 0  1 154   191.406    8.148
4 26 1  1 155   189.343    5.863
4 26 2  1 156   196.582    5.617
4 23 0  1 157   191.566    3.112
4 23 2  1 158   189.040    7.295
4 22 0  1 159   188.368    5.860
4 22 1  1 160   199.290    7.251
4 22 2  1 161   194.875    8.394
4 21 0  1 162   194.791    7.068
4 21 1  1 163   187.063    5.854
4 21 2  1 164   184.182    7.062
4 20 0  1 165   184.310    6.007
4 20 1  1 166   193.542    4.756
4 20 2  1 167   191.131    7.641
4 31 0  1 168   194.697    5.435
4 31 1  1 169   194.198    7.125
4 31 2  1 170   193.959    7.727
4 30 0  1 171   193.161    4.747
4 30 1  1 172   182.359    5.055
4 30 2  1 173   187.183    6.155
4 27 0  1 174   197.238    5.711
4 27 2  1 175   187.882    6.653
5  3 0  1 176   190.108    6.309
5  3 1  1 177   184.599    6.711
5  3 2  1 178   202.282    7.334
5  2 0  1 179   192.830    4.870
5  2 1  1 180   195.595    5.882
5  2 2  1 181   195.017    8.964
5  1 0  1 182   188.209    7.050
5  1 1  1 183   185.606    4.859
5  1 2  1 184   192.554   13.263
5  0 0  1 185   189.233    6.701
5  0 1  1 186   187.661    6.301
5  0 2  1 187   191.121    5.885
5  6 0  1 188   185.164    5.363
5  6 1  1 189   192.499    4.810
5  6 2  1 190   187.442    6.542
5  5 0  1 191   188.067    6.296
5  5 1  1 192   195.627    4.403
5  5 2  1 193   184.093    6.754
5  4 0  1 194   187.444    4.645
5  4 2  1 195   188.399    5.757
5 11 0  1 196   189.808    6.396
5 11 1  1 197   191.002    5.107
5 11 2  1 198   187.448    8.311
5 10 0  1 199   185.374    8.552
5 10 1  1 200   188.199    6.168
5 10 2  1 201   192.668    7.625
5  9 0  1 202   186.006    6.017
5  9 1  1 203   185.706    4.678
5  9 2  1 204   196.762    7.751
5  8 0  1 205   185.484    7.093
5  8 1  1 206   182.032    5.663
5  8 2  1 207   194.557    5.763
5 14 0  1 208   200.389    6.005
5 14 1  1 209   187.365    5.197
5 14 2  1 210   179.129    7.403
5 13 0  1 211   191.191    5.680
5 13 1  1 212   178.826    5.287
5 13 2  1 213   191.475    8.904
5 12 0  1 214   190.501    9.569
5 12 1  1 215   183.150    4.756
5 12 2  1 216   193.931    8.235
5 19 0  1 217   183.938   11.273
5 19 2  1 218   187.493   10.457
5 18 0  1 219   187.764    6.565
5 18 1  1 220   193.848    6.197
5 18 2  1 221   183.657    8.986
5 17 0  1 222   190.789    6.444
5 17 1  1 223   192.906    5.608
5 17 2  1 224   187.542    6.491
5 16 0  1 225   180.936    5.541
5 16 1  1 226   188.473    6.137
5 16 2  1 227   188.813    7.705
5 23 0  1 228   194.806    5.265
5 23 1  1 229   201.243    5.132
5 23 2  1 230   187.740    7.908
5 22 0  1 231   179.278    5.878
5 22 1  1 232   183.128    7.752
5 22 2  1 233   190.371    6.069
5 21 0  1 234   194.941    7.219
5 21 1  1 235   181.525    4.984
5 21 2  1 236   195.027    7.092
5 20 0  1 237   193.166    6.692
5 20 2  1 238   193.368    6.740
5 27 0  1 239   193.175   11.429
5 27 1  1 240   189.560   13.140
5 27 2  1 241   186.909   10.486
5 26 0  1 242   177.821    6.152
5 26 1  1 243   182.714    6.789
5 26 2  1 244   190.548   15.522
5 25 0  1 245   185.846    5.069
5 25 1  1 246   184.647    7.608
5 25 2  1 247   188.584    8.420
5 24 0  1 248   188.788    7.015
5 24 1  1 249   197.761    7.122
5 24 2  1 250   198.209    7.405
5 31 0  1 251   187.948    5.621
5 31 1  1 252   183.509    6.398
5 31 2  1 253   195.477    9.077
5 30 0  1 254   193.873    9.780
5 30 1  1 255   191.900    6.592
5 30 2  1 256   196.763    8.294
5 29 0  1 257   194.967    8.061
5 29 1  1 258   188.106    5.702
5 29 2  1 259   182.356    7.604
5 28 0  1 260   191.346    7.059
5 28 2  1 261   183.620    8.798
6  3 0  1 262   183.140    7.057
6  3 1  1 263   191.658    8.645
6  3 2  1 264   186.897   12.150
6  2 0  1 265   182.862    7.652
6  2 1  1 266   186.318    7.355
6  2 2  1 267   195.337   10.184
6  1 0  1 268   184.641    8.632
6  1 1  1 269   188.076    6.744
6  1 2  1 270   186.673    9.901
6  0 0  1 271   180.564    6.177
6  0 1  1 272   194.626    6.899
6  0 2  1 273   192.355    6.814
6  7 0  1 274   190.444    8.195
6  7 1  1 275   189.060    5.799
6  7 2  1 276   193.634    8.318
6  6 0  1 277   192.209    5.111
6  6 1  1 278   192.210    5.827
6  6 2  1 279   192.570    9.111
6  5 0  1 280   184.911    8.159
6  5 1  1 281   184.044    7.466
6  5 2  1 282   187.025    6.838
6  4 0  1 283   185.263   10.258
6  4 1  1 284   188.272    6.525
6  4 2  1 285   198.249   10.931
6 11 0  1 286   185.168   10.298
6 11 2  1 287   182.935   12.532
6 10 0  1 288   187.568   10.977
6 10 1  1 289   187.823    9.360
6 10 2  1 290   189.488   13.589
6  9 0  1 291   185.226    8.335
6  9 1  1 292   185.266    7.409
6  9 2  1 293   188.646   10.837
6  8 0  1 294   187.663    9.684
6  8 1  1 295   188.871   11.309
6  8 2  1 296   188.277   10.675
6 15 0  1 297   177.257    6.842
6 15 1  1 298   196.854    6.707
6 15 2  1 299   195.149   10.415
6 14 0  1 300   190.521    5.075
6 14 1  1 301   176.977    6.945
6 14 2  1 302   191.627   11.695
6 13 0  1 303   200.167    6.444
6 13 1  1 304   191.290    9.761
6 13 2  1 305   192.107    9.241
6 12 0  1 306   193.774    7.558
6 12 1  1 307   188.256    9.012
6 12 2  1 308   187.901    9.174
7  8 0  1 309   184.660   13.612
7  8 2  1 310   187.019   12.759
6 19 0  1 311   189.500   10.957
6 19 1  1 312   193.792    8.001
6 19 2  1 313   182.942    9.703
6 18 0  1 314   190.261   13.013
6 18 1  1 315   192.660    9.887
6 18 2  1 316   190.513   10.809
6 17 0  1 317   196.067    7.330
6 17 1  1 318   186.079    7.862
6 17 2  1 319   190.877   13.780
6 16 0  1 320   194.021   12.387
6 16 1  1 321   187.078    8.819
6 16 2  1 322   189.316   14.108
6 23 0  1 323   188.157   10.124
6 23 1  1 324   190.536    9.368
6 23 2  1 325   191.977   11.974
6 22 0  1 326   184.690    8.891
6 22 1  1 327   187.942    9.110
6 22 2  1 328   184.128   10.762
6 21 0  1 329   184.669    8.043
6 21 1  1 330   195.214    8.927
6 21 2  1 331   190.986   10.178
6 20 0  1 332   189.509    9.787
6 20 1  1 333   181.856    6.813
6 20 2  1 334   192.399   10.701
7  9 0  1 335   181.833    8.601
7  9 2  1 336   192.212    9.841
6 27 0  1 337   186.972   11.801
6 27 1  1 338   185.942    9.952
6 27 2  1 339   181.689   12.690
6 26 0  1 340   196.022    9.584
6 26 1  1 341   194.537   10.869
6 26 2  1 342   187.968   14.996
7 11 0  1 343   188.838    8.924
7 11 1  1 344   187.091    9.398
7 11 2  1 345   187.252   13.139
6 24 0  1 346   178.387    8.808
6 24 1  1 347   184.059    8.246
6 24 2  1 348   186.854   11.280
6 31 0  1 349   187.722    9.389
6 31 1  1 350   196.238    7.917
6 31 2  1 351   195.207   11.858
6 30 0  1 352   192.995    7.321
6 30 1  1 353   183.084    9.162
6 30 2  1 354   191.408   11.405
6 29 0  1 355   183.729    9.385
6 29 1  1 356   189.296    7.840
6 29 2  1 357   195.923    9.881
6 28 0  1 358   187.494   10.243
6 28 1  1 359   185.028    8.496
6 28 2  1 360   190.397   14.995
7 12 0  1 361   194.563    8.968
7 12 1  1 362   186.789   11.723
7 12 2  1 363   185.040   11.950
7  3 0  1 364   188.683   15.393
7  3 2  1 365   185.571   17.697
7  2 0  1 366   187.178   11.772
7  2 1  1 367   197.304   11.314
7  2 2  1 368   184.683   16.003
7  1 0  1 369   186.280   14.095
7  1 1  1 370   178.320    9.342
7  1 2  1 371   187.543   15.567
7  0 0  1 372   197.118   12.014
7  0 1  1 373   187.526   11.449
7  0 2  1 374   174.463   13.281
7  7 0  1 375   189.735   13.992
7  7 1  1 376   194.230   13.393
7  7 2  1 377   198.890   15.387
7  6 0  1 378   192.562   10.410
7  6 1  1 379   182.674    7.770
7  6 2  1 380   201.174   12.835
7  5 0  1 381   182.250   11.823
7  5 1  1 382   182.708   12.232
7  5 2  1 383   192.977   14.235
7  4 0  1 384   195.543    9.625
7  4 1  1 385   192.699    8.507
7  4 2  1 386   193.281   13.924
7 14 0  1 387   188.693   11.401
7 14 1  1 388   190.095    7.085
7 14 2  1 389   185.209   11.530
7 13 0  1 390   187.765   12.012
7 13 2  1 391   185.745   14.382
13  3 0  2   1   193.282    9.719
13  3 1  2   2   183.330    6.998
13  3 2  2   3   181.626    8.366
13  1 0  2   4   182.083    5.545
13  1 1  2   5   182.036    4.518
13  1 2  2   6   190.680    4.078
13  7 0  2   7   186.293    5.938
13  7 2  2   8   188.134    7.275
13  2 0  2   9   181.754    5.806
13  2 1  2  10   194.006    5.515
13  2 2  2  11   187.617    7.276
13  0 0  2  12   190.243    7.595
13  0 2  2  13   182.100   10.242
13  6 0  2  14   188.802    6.783
13  6 1  2  15   185.087    7.109
13  6 2  2  16   189.575    8.430
13  5 0  2  17   186.206    7.962
13  5 2  2  18   187.821   10.219
13  4 0  2  19   190.103    7.362
13  4 1  2  20   187.245    8.459
13  4 2  2  21   186.780    9.201
13 10 0  2  22   191.326    6.674
13 10 1  2  23   193.678    8.614
13 10 2  2  24   193.733    7.648
13  9 0  2  25   186.006    6.613
13  9 1  2  26   186.019    6.116
13  9 2  2  27   179.394    6.953
13  8 0  2  28   184.660   10.527
13  8 1  2  29   187.447    7.512
13  8 2  2  30   183.256    9.887
13 15 0  2  31   182.790    8.534
13 15 2  2  32   199.474   11.512
13 14 0  2  33   180.668    5.881
13 14 1  2  34   194.476    5.519
13 14 2  2  35   183.860    7.083
13 13 0  2  36   192.429    4.564
13 13 1  2  37   190.625    4.624
13 13 2  2  38   185.494    6.748
13 12 0  2  39   186.338    9.052
13 12 2  2  40   188.937    9.135
13 19 0  2  41   189.336    6.475
13 19 1  2  42   189.572    5.793
13 19 2  2  43   183.583    6.495
13 18 0  2  44   191.178    4.007
13 18 1  2  45   187.031    3.684
13 18 2  2  46   182.569    4.755
13 17 0  2  47   190.736    5.684
13 17 1  2  48   190.400    4.769
13 17 2  2  49   185.382    7.457
13 16 0  2  50   190.699    6.635
13 16 2  2  51   190.066    9.239
13 23 0  2  52   201.403    7.229
13 23 1  2  53   190.275    7.122
13 23 2  2  54   181.264    7.505
13 22 0  2  55   187.907    5.116
13 22 1  2  56   187.232    4.118
13 22 2  2  57   183.181    3.929
13 21 0  2  58   192.272    4.052
13 21 1  2  59   189.923    4.899
13 21 2  2  60   186.616    7.059
13 20 0  2  61   195.018   12.111
13 20 1  2  62   197.473    7.829
13 20 2  2  63   193.511    9.590
13 27 0  2  64   188.970    7.005
13 27 2  2  65   195.052    8.868
13 26 0  2  66   175.679    6.756
13 26 1  2  67   188.015    6.004
13 26 2  2  68   188.708    7.261
13 25 0  2  69   191.958    3.727
13 25 1  2  70   192.937    4.159
13 25 2  2  71   183.683    5.565
13 24 0  2  72   195.566    7.554
13 24 1  2  73   186.199    6.773
13 24 2  2  74   195.662    8.897
14 10 0  2  75   193.923    8.587
14 10 2  2  76   186.687   10.627
13 31 0  2  77   181.756    6.681
13 31 1  2  78   189.102    6.914
13 31 2  2  79   187.063    7.565
13 30 0  2  80   192.468    6.297
13 30 1  2  81   184.080    3.675
13 30 2  2  82   189.426    4.557
13 29 0  2  83   182.072    3.703
13 29 1  2  84   188.147    4.111
13 29 2  2  85   186.148    4.822
13 28 0  2  86   187.194    5.927
13 28 1  2  87   185.128    5.773
13 28 2  2  88   188.023    7.144
14  9 0  2  89   191.592    6.839
14  9 2  2  90   184.927   10.358
14  3 0  2  91   192.572    7.917
14  3 1  2  92   184.620    7.266
14  3 2  2  93   194.306    7.908
14  2 0  2  94   200.215    7.044
14  2 1  2  95   190.451    4.475
14  2 2  2  96   189.839   10.992
14  1 0  2  97   189.816    3.273
14  1 1  2  98   186.061    3.607
14  1 2  2  99   188.110    4.419
14  0 0  2 100   182.383    5.921
14  0 1  2 101   191.922    6.431
14  0 2  2 102   179.338    6.350
14  8 0  2 103   189.825    8.625
14  8 1  2 104   191.727    6.711
14  8 2  2 105   195.206    9.436
14  7 0  2 106   188.908    7.228
14  7 2  2 107   186.027   12.053
14  6 0  2 108   186.058    6.393
14  6 1  2 109   190.088    6.336
14  6 2  2 110   190.243    7.952
14  5 0  2 111   192.104    8.697
14  5 1  2 112   179.925    3.247
14  5 2  2 113   185.198    3.105
14  4 0  2 114   189.688    4.791
14  4 1  2 115   191.327    1.779
14  4 2  2 116   182.999    4.507
14 11 0  2 117   194.094    6.136
14 11 1  2 118   196.110    6.367
14 11 2  2 119   169.427    6.226
14 27 0  2 120   179.941    6.585
14 27 2  2 121   186.143    8.047
14 15 0  2 122   179.301    4.909
14 15 1  2 123   184.651    6.300
14 15 2  2 124   189.652    7.658
14 14 0  2 125   188.687    2.800
14 14 1  2 126   190.563    1.851
14 14 2  2 127   192.454    5.272
14 13 0  2 128   189.363    2.634
14 13 1  2 129   181.856    2.551
14 13 2  2 130   191.521    2.738
14 12 0  2 131   190.489    4.104
14 12 1  2 132   186.442    2.518
14 12 2  2 133   193.437    2.864
14 31 0  2 134   185.358    6.167
14 31 1  2 135   188.303    5.406
14 31 2  2 136   183.701    6.543
14 26 0  2 137   189.789   12.863
14 26 2  2 138   195.413   12.801
14 19 0  2 139   194.332    6.904
14 19 1  2 140   184.403    5.642
14 19 2  2 141   191.909    6.894
14 18 0  2 142   188.025    3.344
14 18 1  2 143   188.975    3.408
14 18 2  2 144   194.706   10.189
14 17 0  2 145   194.865    2.928
14 17 1  2 146   185.805    2.584
14 17 2  2 147   184.138    2.384
14 16 0  2 148   193.348    2.744
14 16 1  2 149   189.002    2.782
14 16 2  2 150   190.395    2.709
14 29 0  2 151   185.183    3.096
14 29 1  2 152   191.634    2.159
14 29 2  2 153   179.500    2.960
14 25 0  2 154   191.811   11.190
14 25 1  2 155   190.426   10.056
14 25 2  2 156   191.905   15.616
14 23 0  2 157   186.597    6.049
14 23 2  2 158   194.993    8.830
14 22 0  2 159   191.930    3.169
14 22 1  2 160   187.150    2.986
14 22 2  2 161   187.392    2.924
14 21 0  2 162   188.099    4.163
14 21 1  2 163   177.713    3.152
14 21 2  2 164   191.814    3.260
14 20 0  2 165   188.630    3.269
14 20 1  2 166   188.196    2.491
14 20 2  2 167   186.202    3.573
14 30 0  2 168   184.537    4.344
14 30 1  2 169   186.930    2.562
14 30 2  2 170   180.061    3.210
14 28 0  2 171   194.103    5.735
14 28 1  2 172   187.645    5.594
14 28 2  2 173   188.191    6.942
14 24 0  2 174   193.855    8.437
14 24 2  2 175   193.345   12.793
15  3 0  2 176   185.844    7.015
15  3 1  2 177   177.078    5.678
15  3 2  2 178   186.604    8.551
15  2 0  2 179   191.715    2.732
15  2 1  2 180   185.241    3.240
15  2 2  2 181   192.359   12.899
15  1 0  2 182   190.721    2.971
15  1 1  2 183   184.662    2.990
15  1 2  2 184   182.253    3.194
15  0 0  2 185   189.896    3.475
15  0 1  2 186   186.337    3.500
15  0 2  2 187   191.698   10.825
15  6 0  2 188   187.962    3.295
15  6 1  2 189   182.677    3.129
15  6 2  2 190   189.293    3.885
15  5 0  2 191   182.941    6.253
15  5 1  2 192   193.263    5.737
15  5 2  2 193   186.648    7.764
15  4 0  2 194   188.964   10.023
15  4 2  2 195   186.953   11.139
15 11 0  2 196   182.686    5.560
15 11 1  2 197   190.391    7.060
15 11 2  2 198   189.476    8.760
15 10 0  2 199   189.310    3.945
15 10 1  2 200   193.030    3.786
15 10 2  2 201   190.489    4.060
15  9 0  2 202   185.728    2.977
15  9 1  2 203   192.048    2.639
15  9 2  2 204   194.258    3.466
15  8 0  2 205   191.232    2.575
15  8 1  2 206   180.400    3.186
15  8 2  2 207   186.352    4.335
15 14 0  2 208   189.196    6.525
15 14 1  2 209   188.098    3.219
15 14 2  2 210   184.955    4.204
15 13 0  2 211   186.170    3.603
15 13 1  2 212   186.841    3.696
15 13 2  2 213   187.790    3.107
15 12 0  2 214   184.038    9.690
15 12 1  2 215   191.223    8.876
15 12 2  2 216   188.620   11.491
15 19 0  2 217   182.022    3.286
15 19 2  2 218   191.941    2.766
15 18 0  2 219   188.587    7.285
15 18 1  2 220   188.089    5.629
15 18 2  2 221   190.813    3.524
15 17 0  2 222   188.202    5.013
15 17 1  2 223   192.131    2.116
15 17 2  2 224   193.961    3.645
15 16 0  2 225   193.223    4.822
15 16 1  2 226   187.435    3.706
15 16 2  2 227   196.635    4.021
15 23 0  2 228   191.793   11.079
15 23 1  2 229   191.646    1.584
15 23 2  2 230   189.265    3.303
15 22 0  2 231   189.797    3.797
15 22 1  2 232   185.802    3.981
15 22 2  2 233   187.267    3.648
15 21 0  2 234   190.904    4.429
15 21 1  2 235   180.677    6.296
15 21 2  2 236   195.061    7.395
15 20 0  2 237   183.946   10.418
15 20 2  2 238   183.215   12.860
15 27 0  2 239   189.992    8.352
15 27 1  2 240   183.758    7.118
15 27 2  2 241   182.356    6.893
15 26 0  2 242   191.795    2.714
15 26 1  2 243   186.698    4.192
15 26 2  2 244   185.839    4.704
15 25 0  2 245   190.283    7.176
15 25 1  2 246   190.002    3.532
15 25 2  2 247   187.648    4.648
15 24 0  2 248   183.937    3.810
15 24 1  2 249   183.245    4.059
15 24 2  2 250   191.604    7.280
15 31 0  2 251   201.205    3.995
15 31 1  2 252   185.226    3.711
15 31 2  2 253   178.581    3.788
15 30 0  2 254   192.661    3.959
15 30 1  2 255   196.901    3.912
15 30 2  2 256   182.285    3.984
15 29 0  2 257   190.614    5.179
15 29 1  2 258   185.436    5.368
15 29 2  2 259   193.705    6.899
15 28 0  2 260   186.485    9.461
15 28 2  2 261   187.666   11.115
16  3 0  2 262   181.326    5.604
16  3 1  2 263   190.993    9.346
16  3 2  2 264   191.651    6.629
16  2 0  2 265   192.500    3.729
16  2 1  2 266   186.057    3.803
16  2 2  2 267   195.524    5.482
16  1 0  2 268   194.251    6.956
16  1 1  2 269   193.459    4.086
16  1 2  2 270   200.642    5.133
16  0 0  2 271   189.455    4.045
16  0 1  2 272   183.774    3.490
16  0 2  2 273   197.019    4.939
16  7 0  2 274   191.287    5.110
16  7 1  2 275   193.003    3.414
16  7 2  2 276   185.225    4.245
16  6 0  2 277   189.729    4.203
16  6 1  2 278   192.599    3.551
16  6 2  2 279   191.272    2.999
16  5 0  2 280   201.083    4.288
16  5 1  2 281   184.004    4.471
16  5 2  2 282   195.997    4.338
16  4 0  2 283   186.334    9.109
16  4 1  2 284   178.654    8.188
16  4 2  2 285   186.571    9.777
16 11 0  2 286   189.375    7.138
16 11 2  2 287   196.924    9.265
16 10 0  2 288   194.829    4.478
16 10 1  2 289   195.804    5.454
16 10 2  2 290   190.680    5.066
16  9 0  2 291   188.253    4.483
16  9 1  2 292   186.331    3.797
16  9 2  2 293   179.437    4.361
16  8 0  2 294   177.446    4.160
16  8 1  2 295   192.397    4.317
16  8 2  2 296   188.154    5.476
13 11 0  2 297   184.691    5.069
13 11 1  2 298   182.886    4.536
13 11 2  2 299   190.817    6.505
16 14 0  2 300   194.642    4.387
16 14 1  2 301   188.985    3.726
16 14 2  2 302   193.567    4.754
16 13 0  2 303   183.958    3.955
16 13 1  2 304   191.505    2.706
16 13 2  2 305   183.169    4.739
16 12 0  2 306   185.377    5.193
16 12 1  2 307   197.059    4.167
16 12 2  2 308   184.871    4.646
17  9 0  2 309   185.665    8.941
17  9 2  2 310   199.627   12.219
16 19 0  2 311   190.949    9.017
16 19 1  2 312   193.523    6.003
16 19 2  2 313   173.367    5.738
16 18 0  2 314   187.041    4.783
16 18 1  2 315   188.018    4.368
16 18 2  2 316   185.815    5.130
16 17 0  2 317   183.529    4.194
16 17 1  2 318   190.674    5.700
16 17 2  2 319   193.563    5.711
16 16 0  2 320   192.919    4.173
16 16 1  2 321   186.493    4.793
16 16 2  2 322   185.112    4.867
16 23 0  2 323   198.824    4.830
16 23 1  2 324   182.685    5.317
16 23 2  2 325   189.744    4.807
16 22 0  2 326   191.845    4.276
16 22 1  2 327   190.922    3.516
16 22 2  2 328   195.692    4.324
16 21 0  2 329   193.520    4.824
16 21 1  2 330   189.819    3.844
16 21 2  2 331   180.665    4.856
16 20 0  2 332   185.741    7.154
16 20 1  2 333   181.263    6.906
16 20 2  2 334   186.870    6.801
17  8 0  2 335   178.946    8.839
17  8 2  2 336   186.641   11.309
16 27 0  2 337   180.506    6.078
16 27 1  2 338   188.900    7.983
16 27 2  2 339   187.369    7.886
16 26 0  2 340   193.435    5.947
16 26 1  2 341   190.528    6.138
16 26 2  2 342   195.504    5.833
16 25 0  2 343   183.210    5.081
16 25 1  2 344   187.758    5.675
16 25 2  2 345   191.984    7.120
16 24 0  2 346   199.422    4.799
16 24 1  2 347   185.028    4.476
16 24 2  2 348   183.828    5.661
16 31 0  2 349   192.970    5.760
16 31 1  2 350   199.057    5.337
16 31 2  2 351   184.946    6.560
16 30 0  2 352   191.159    7.814
16 30 1  2 353   181.512    4.471
16 30 2  2 354   186.998    5.355
16 29 0  2 355   188.199    4.850
16 29 1  2 356   187.699    4.616
16 29 2  2 357   184.517    5.667
16 28 0  2 358   187.879    5.411
16 28 1  2 359   183.951    5.606
16 28 2  2 360   184.029    6.970
17 13 0  2 361   193.770    6.860
17 13 1  2 362   198.421    6.651
17 13 2  2 363   188.187    6.984
17  3 0  2 364   193.332    8.956
17  3 2  2 365   191.423    7.028
17  2 0  2 366   187.317    7.775
17  2 1  2 367   184.714    7.431
17  2 2  2 368   190.505   10.517
17  1 0  2 369   193.422    5.709
17  1 1  2 370   181.069    5.221
17  1 2  2 371   177.248    6.728
17  0 0  2 372   199.521    6.046
17  0 1  2 373   187.024    5.157
17  0 2  2 374   190.991    7.985
17  7 0  2 375   184.627    6.156
17  7 1  2 376   185.926    5.752
17  7 2  2 377   192.625   10.598
17  6 0  2 378   194.367    5.644
17  6 1  2 379   183.935    5.446
17  6 2  2 380   193.353    6.899
17  5 0  2 381   192.363   12.523
17  5 1  2 382   195.947    5.298
17  5 2  2 383   197.444    5.869
17  4 0  2 384   186.467    6.560
17  4 1  2 385   196.086    5.368
17  4 2  2 386   183.192    6.271
17 14 0  2 387   184.651    7.982
17 14 1  2 388   186.443    6.332
17 14 2  2 389   187.599    6.027
17 12 0  2 390   178.009   10.715
17 12 2  2 391   190.987   15.814
