3  0 0  211
3  0 1  205
3  0 2  215
3  1 0  210
3  1 1  215
3  1 2  215
3  2 0  217
3  2 2  219
3  3 0  220
3  3 1  210
3  3 2  209
3  4 0  205
3  4 1  219
3  4 2  219
3  5 0  219
3  5 2  216
3  6 0  226
3  6 1  210
3  6 2  213
3  7 0  216
3  7 2  213
3  8 0  214
3  8 1  219
3  8 2  222
3  9 0  212
3  9 1  218
3  9 2  207
3 10 0  208
3 10 1  216
3 10 2  209
3 12 0  211
3 12 2  218
3 13 0  217
3 13 1  211
3 13 2  209
3 14 0  216
3 14 1  216
3 14 2  215
3 15 0  207
3 15 2  220
3 16 0  222
3 16 2  218
3 17 0  211
3 17 1  224
3 17 2  204
3 18 0  206
3 18 1  212
3 18 2  218
3 19 0  215
3 19 1  214
3 19 2  222
3 20 0  213
3 20 1  217
3 20 2  213
3 21 0  212
3 21 1  212
3 21 2  204
3 22 0  206
3 22 1  207
3 22 2  216
3 23 0  221
3 23 1  214
3 23 2  213
3 24 0  211
3 24 1  216
3 24 2  218
3 25 0  209
3 25 1  218
3 25 2  210
3 26 0  206
3 26 1  212
3 26 2  201
3 27 0  208
3 27 2  212
3 28 0  211
3 28 1  217
3 28 2  224
3 29 0  213
3 29 1  226
3 29 2  220
3 30 0  212
3 30 1  226
3 30 2  220
3 31 0  208
3 31 1  208
3 31 2  211
4  0 0  211
4  0 1  214
4  0 2  210
4  1 0  214
4  1 1  208
4  1 2  203
4  2 0  211
4  2 1  213
4  2 2  214
4  3 0  217
4  3 1  211
4  3 2  213
4  4 0  212
4  4 1  220
4  4 2  214
4  5 0  216
4  5 1  208
4  5 2  223
4  6 0  215
4  6 1  212
4  6 2  216
4  7 0  210
4  7 2  212
4  8 0  214
4  8 2  208
4  9 0  212
4  9 2  215
4 10 0  222
4 10 1  205
4 10 2  215
4 11 0  213
4 11 1  217
4 11 2  208
4 12 0  205
4 12 1  213
4 12 2  212
4 13 0  209
4 13 1  213
4 13 2  214
4 14 0  213
4 14 1  209
4 14 2  214
4 15 0  215
4 15 1  227
4 15 2  218
4 16 0  215
4 16 1  218
4 16 2  221
4 18 0  212
4 18 1  216
4 18 2  221
4 19 0  212
4 19 1  211
4 19 2  217
4 20 0  210
4 20 1  219
4 20 2  217
4 21 0  220
4 21 1  212
4 21 2  210
4 22 0  214
4 22 1  225
4 22 2  220
4 23 0  217
4 23 2  215
4 24 0  206
4 24 2  215
4 25 0  216
4 25 2  209
4 26 0  217
4 26 1  215
4 26 2  222
4 27 0  223
4 27 2  213
4 28 0  218
4 28 1  217
4 28 2  213
4 29 0  214
4 29 1  216
4 29 2  211
4 30 0  219
4 30 1  208
4 30 2  213
4 31 0  220
4 31 1  220
4 31 2  219
5  0 0  214
5  0 1  213
5  0 2  217
5  1 0  213
5  1 1  211
5  1 2  218
5  2 0  218
5  2 1  221
5  2 2  221
5  3 0  215
5  3 1  210
5  3 2  228
5  4 0  213
5  4 2  214
5  5 0  213
5  5 1  221
5  5 2  209
5  6 0  211
5  6 1  218
5  6 2  213
5  7 0  212
5  7 1  205
5  7 2  214
5  8 0  211
5  8 1  207
5  8 2  220
5  9 0  212
5  9 1  214
5  9 2  222
5 10 0  211
5 10 1  214
5 10 2  218
5 11 0  215
5 11 1  217
5 11 2  213
5 12 0  216
5 12 1  209
5 12 2  219
5 13 0  217
5 13 1  204
5 13 2  217
5 14 0  226
5 14 1  213
5 14 2  204
5 16 0  206
5 16 1  214
5 16 2  214
5 17 0  216
5 17 1  218
5 17 2  213
5 18 0  213
5 18 1  219
5 18 2  209
5 19 0  209
5 19 2  213
5 20 0  219
5 20 2  219
5 21 0  220
5 21 1  207
5 21 2  221
5 22 0  205
5 22 1  209
5 22 2  216
5 23 0  220
5 23 1  227
5 23 2  213
5 24 0  214
5 24 1  223
5 24 2  224
5 25 0  211
5 25 1  210
5 25 2  214
5 26 0  203
5 26 1  208
5 26 2  216
5 27 0  219
5 27 1  215
5 27 2  212
5 28 0  217
5 28 2  209
5 29 0  220
5 29 1  214
5 29 2  208
5 30 0  219
5 30 1  217
5 30 2  222
5 31 0  213
5 31 1  209
5 31 2  221
6  0 0  206
6  0 1  220
6  0 2  218
6  1 0  210
6  1 1  213
6  1 2  212
6  2 0  208
6  2 1  212
6  2 2  221
6  3 0  208
6  3 1  217
6  3 2  212
6  4 0  210
6  4 1  214
6  4 2  224
6  5 0  210
6  5 1  210
6  5 2  213
6  6 0  218
6  6 1  218
6  6 2  218
6  7 0  216
6  7 1  214
6  7 2  219
6  8 0  213
6  8 1  214
6  8 2  213
6  9 0  210
6  9 1  210
6  9 2  214
6 10 0  212
6 10 1  213
6 10 2  214
6 11 0  210
6 11 2  208
6 12 0  219
6 12 1  213
6 12 2  213
6 13 0  225
6 13 1  216
6 13 2  217
6 14 0  216
6 14 1  202
6 14 2  217
6 15 0  202
6 15 1  222
6 15 2  221
6 16 0  219
6 16 1  212
6 16 2  214
6 17 0  222
6 17 1  211
6 17 2  216
6 18 0  215
6 18 1  218
6 18 2  216
6 19 0  215
6 19 1  219
6 19 2  208
6 20 0  215
6 20 1  207
6 20 2  218
6 21 0  210
6 21 1  221
6 21 2  216
6 22 0  210
6 22 1  213
6 22 2  209
6 23 0  213
6 23 1  216
6 23 2  217
6 24 0  204
6 24 1  209
6 24 2  212
6 26 0  221
6 26 1  219
6 26 2  213
6 27 0  212
6 27 1  211
6 27 2  207
6 28 0  212
6 28 1  210
6 28 2  215
6 29 0  209
6 29 1  215
6 29 2  221
6 30 0  218
6 30 1  208
6 30 2  217
6 31 0  213
6 31 1  222
6 31 2  221
7  0 0  222
7  0 1  213
7  0 2  199
7  1 0  211
7  1 1  203
7  1 2  213
7  2 0  212
7  2 1  223
7  2 2  209
7  3 0  214
7  3 2  210
7  4 0  221
7  4 1  218
7  4 2  218
7  5 0  207
7  5 1  208
7  5 2  218
7  6 0  218
7  6 1  208
7  6 2  226
7  7 0  214
7  7 1  220
7  7 2  224
7  8 0  210
7  8 2  212
7  9 0  207
7  9 2  217
7 11 0  214
7 11 1  212
7 11 2  212
7 12 0  220
7 12 1  212
7 12 2  210
7 13 0  213
7 13 2  210
7 14 0  214
7 14 1  216
7 14 2  210
