13  3 0  2   1   192.830   14.317
13  3 1  2   2   183.667    9.794
13  3 2  2   3   181.418    7.523
13  1 0  2   4   183.046   19.496
13  1 1  2   5   182.698   16.018
13  1 2  2   6   190.047    8.038
13  7 0  2   7   186.802    8.426
13  7 2  2   8   188.127    7.111
13  2 0  2   9   182.434   17.108
13  2 1  2  10   193.547   12.984
13  2 2  2  11   187.808    8.153
13  0 0  2  12   189.904    7.564
13  0 2  2  13   182.581   15.874
13  6 0  2  14   188.905    5.514
13  6 1  2  15   186.298   13.597
13  6 2  2  16   189.467    6.477
13  5 0  2  17   187.047   11.821
13  5 2  2  18   187.635    8.557
13  4 0  2  19   189.784    7.845
13  4 1  2  20   187.809    8.750
13  4 2  2  21   187.357   10.460
13 10 0  2  22   190.447    9.445
13 10 1  2  23   193.011   13.138
13 10 2  2  24   193.613    7.668
13  9 0  2  25   186.926   12.058
13  9 1  2  26   186.826   11.093
13  9 2  2  27   179.619   15.012
13  8 0  2  28   185.277   15.544
13  8 1  2  29   187.984    7.625
13  8 2  2  30   183.775   17.201
13 15 0  2  31   182.806    8.728
13 15 2  2  32   199.149    8.671
13 14 0  2  33   180.525    6.909
13 14 1  2  34   194.491    8.031
13 14 2  2  35   184.029    9.498
13 13 0  2  36   191.609   12.486
13 13 1  2  37   190.168    7.880
13 13 2  2  38   186.412   11.526
13 12 0  2  39   187.135   11.651
13 12 2  2  40   188.514    7.651
13 19 0  2  41   189.207    6.194
13 19 1  2  42   189.621    5.635
13 19 2  2  43   183.706    6.434
13 18 0  2  44   190.574    9.886
13 18 1  2  45   187.806    7.939
13 18 2  2  46   183.114   11.173
13 17 0  2  47   190.340    9.210
13 17 1  2  48   189.885    7.506
13 17 2  2  49   186.084   12.505
13 16 0  2  50   190.193    8.027
13 16 2  2  51   190.161    8.046
13 23 0  2  52   201.879    5.808
13 23 1  2  53   190.170    6.918
13 23 2  2  54   181.184    7.304
13 22 0  2  55   188.363    7.641
13 22 1  2  56   187.923    7.196
13 22 2  2  57   183.843   12.155
13 21 0  2  58   191.999    8.603
13 21 1  2  59   189.750    6.013
13 21 2  2  60   187.147    9.348
13 20 0  2  61   194.164   18.748
13 20 1  2  62   197.645    7.710
13 20 2  2  63   193.111   12.867
13 27 0  2  64   188.978    6.054
13 27 2  2  65   195.167    8.625
13 26 0  2  66   175.686    6.127
13 26 1  2  67   188.271    5.861
13 26 2  2  68   188.842    7.244
13 25 0  2  69   192.201    6.039
13 25 1  2  70   193.104    6.013
13 25 2  2  71   184.060    8.601
13 24 0  2  72   195.554    8.411
13 24 1  2  73   186.500    8.244
13 24 2  2  74   195.580    8.345
14 10 0  2  75   193.827    8.536
14 10 2  2  76   186.600    9.789
13 31 0  2  77   181.675    4.687
13 31 1  2  78   189.182    5.220
13 31 2  2  79   187.231    7.496
13 30 0  2  80   192.596    9.530
13 30 1  2  81   184.393    7.378
13 30 2  2  82   189.910    7.902
13 29 0  2  83   182.197    5.637
13 29 1  2  84   188.542    6.306
13 29 2  2  85   186.860    8.691
13 28 0  2  86   187.576    7.694
13 28 1  2  87   185.146    6.461
13 28 2  2  88   188.078    7.059
14  9 0  2  89   191.474    6.892
14  9 2  2  90   184.645    8.968
14  3 0  2  91   192.465    8.275
14  3 1  2  92   184.699    6.840
14  3 2  2  93   194.187    7.041
14  2 0  2  94   200.457    6.136
14  2 1  2  95   190.376    5.815
14  2 2  2  96   190.201   11.226
14  1 0  2  97   190.126    6.213
14  1 1  2  98   186.669    7.738
14  1 2  2  99   188.786    8.525
14  0 0  2 100   182.736    7.544
14  0 1  2 101   191.935    7.558
14  0 2  2 102   179.250    6.552
14  8 0  2 103   189.833    8.535
14  8 1  2 104   191.575    6.636
14  8 2  2 105   195.114    7.843
14  7 0  2 106   189.101    5.550
14  7 2  2 107   186.243    9.689
14  6 0  2 108   186.827   11.372
14  6 1  2 109   190.004    6.914
14  6 2  2 110   190.237    8.585
14  5 0  2 111   191.935   12.771
14  5 1  2 112   179.917    5.365
14  5 2  2 113   186.042   10.466
14  4 0  2 114   190.503   10.599
14  4 1  2 115   191.066    9.172
14  4 2  2 116   184.033   13.868
14 11 0  2 117   194.110    7.814
14 11 1  2 118   196.110    6.634
14 11 2  2 119   169.365    6.317
14 27 0  2 120   180.197   12.402
14 27 2  2 121   186.320   10.086
14 15 0  2 122   179.273    5.223
14 15 1  2 123   184.903    7.735
14 15 2  2 124   189.748    6.946
14 14 0  2 125   188.961    6.254
14 14 1  2 126   190.024    7.009
14 14 2  2 127   192.318   12.495
14 13 0  2 128   189.805    8.073
14 13 1  2 129   182.680   14.769
14 13 2  2 130   191.395   11.355
14 12 0  2 131   190.482   10.195
14 12 1  2 132   187.446   10.412
14 12 2  2 133   193.345   12.901
14 31 0  2 134   185.906   10.905
14 31 1  2 135   188.466    5.878
14 31 2  2 136   183.835    9.862
14 26 0  2 137   189.084    8.709
14 26 2  2 138   194.870   11.482
14 19 0  2 139   194.324    6.732
14 19 1  2 140   184.434    6.352
14 19 2  2 141   191.757    8.419
14 18 0  2 142   188.278    6.946
14 18 1  2 143   188.776    5.501
14 18 2  2 144   194.277    9.207
14 17 0  2 145   194.625   13.286
14 17 1  2 146   186.843   11.457
14 17 2  2 147   185.226   13.231
14 16 0  2 148   193.077   11.980
14 16 1  2 149   189.269    5.994
14 16 2  2 150   190.044    7.097
14 29 0  2 151   186.367   13.020
14 29 1  2 152   191.068    9.671
14 29 2  2 153   179.946   10.955
14 25 0  2 154   191.543    8.729
14 25 1  2 155   190.770    9.294
14 25 2  2 156   191.408   14.313
14 23 0  2 157   187.141    7.956
14 23 2  2 158   194.963    9.556
14 22 0  2 159   191.526   11.833
14 22 1  2 160   187.740    7.867
14 22 2  2 161   187.935    6.863
14 21 0  2 162   188.431    7.264
14 21 1  2 163   177.920   12.876
14 21 2  2 164   191.494   11.972
14 20 0  2 165   188.754    7.360
14 20 1  2 166   188.595    6.278
14 20 2  2 167   187.498    9.514
14 30 0  2 168   185.623   14.401
14 30 1  2 169   187.884    7.831
14 30 2  2 170   180.540   13.538
14 28 0  2 171   193.927    9.156
14 28 1  2 172   188.060    6.861
14 28 2  2 173   188.407    7.387
14 24 0  2 174   193.582    7.870
14 24 2  2 175   192.801   11.157
15  3 0  2 176   186.667   10.740
15  3 1  2 177   177.069    4.350
15  3 2  2 178   186.821    9.094
15  2 0  2 179   190.985   11.199
15  2 1  2 180   186.255   12.293
15  2 2  2 181   192.320   17.470
15  1 0  2 182   190.348    8.805
15  1 1  2 183   184.792   12.774
15  1 2  2 184   183.264   16.271
15  0 0  2 185   189.731    7.092
15  0 1  2 186   187.308    9.678
15  0 2  2 187   191.510   14.489
15  6 0  2 188   188.544    7.287
15  6 1  2 189   183.671   15.396
15  6 2  2 190   189.597    7.371
15  5 0  2 191   183.091    8.850
15  5 1  2 192   192.952    9.589
15  5 2  2 193   187.221    9.097
15  4 0  2 194   188.964    6.850
15  4 2  2 195   187.095    8.543
15 11 0  2 196   182.565    4.663
15 11 1  2 197   190.150    7.039
15 11 2  2 198   189.336    6.858
15 10 0  2 199   189.406    6.446
15 10 1  2 200   192.893    8.244
15 10 2  2 201   190.167    6.523
15  9 0  2 202   186.982   11.564
15  9 1  2 203   191.684   11.865
15  9 2  2 204   193.820   14.393
15  8 0  2 205   191.058    8.759
15  8 1  2 206   180.525    7.111
15  8 2  2 207   187.134    9.341
15 14 0  2 208   189.861   10.180
15 14 1  2 209   188.543    6.211
15 14 2  2 210   186.028   11.999
15 13 0  2 211   186.938    8.505
15 13 1  2 212   187.620    7.676
15 13 2  2 213   188.144    6.321
15 12 0  2 214   183.845    5.942
15 12 1  2 215   191.182    5.739
15 12 2  2 216   188.459    7.422
15 19 0  2 217   182.188    5.310
15 19 2  2 218   192.296    6.419
15 18 0  2 219   188.760    7.367
15 18 1  2 220   188.292    5.962
15 18 2  2 221   190.585    5.624
15 17 0  2 222   188.930    9.800
15 17 1  2 223   192.068    6.850
15 17 2  2 224   194.163    7.639
15 16 0  2 225   193.510   10.984
15 16 1  2 226   187.995    7.091
15 16 2  2 227   197.090    7.733
15 23 0  2 228   191.444   14.314
15 23 1  2 229   191.136    7.220
15 23 2  2 230   189.788    7.095
15 22 0  2 231   189.927    6.556
15 22 1  2 232   186.865   11.186
15 22 2  2 233   187.874    7.411
15 21 0  2 234   190.742    5.784
15 21 1  2 235   180.733    5.452
15 21 2  2 236   195.138    8.194
15 20 0  2 237   183.768    8.238
15 20 2  2 238   182.535    8.414
15 27 0  2 239   189.816    6.150
15 27 1  2 240   183.812    6.802
15 27 2  2 241   182.378    6.426
15 26 0  2 242   191.874    6.323
15 26 1  2 243   187.243    7.783
15 26 2  2 244   186.267    8.545
15 25 0  2 245   190.542   10.839
15 25 1  2 246   189.858    6.475
15 25 2  2 247   188.113    8.889
15 24 0  2 248   184.006    6.413
15 24 1  2 249   183.427    6.108
15 24 2  2 250   192.097   11.265
15 31 0  2 251   201.530    5.634
15 31 1  2 252   185.560    7.343
15 31 2  2 253   178.679    6.053
15 30 0  2 254   192.674    8.185
15 30 1  2 255   197.031    5.447
15 30 2  2 256   182.343    6.725
15 29 0  2 257   190.690    6.297
15 29 1  2 258   185.748    6.663
15 29 2  2 259   193.993    8.944
15 28 0  2 260   186.539    7.668
15 28 2  2 261   187.396    8.028
16  3 0  2 262   181.275    5.815
16  3 1  2 263   190.674    8.488
16  3 2  2 264   191.348    6.364
16  2 0  2 265   192.753    6.207
16  2 1  2 266   186.266    6.202
16  2 2  2 267   195.860    8.483
16  1 0  2 268   194.612    8.763
16  1 1  2 269   193.610    5.354
16  1 2  2 270   200.963    6.829
16  0 0  2 271   189.540    5.828
16  0 1  2 272   183.876    4.561
16  0 2  2 273   197.380    6.418
16  7 0  2 274   191.511    8.414
16  7 1  2 275   193.196    5.138
16  7 2  2 276   185.485    6.792
16  6 0  2 277   189.859    6.103
16  6 1  2 278   192.779    5.176
16  6 2  2 279   191.659    4.221
16  5 0  2 280   201.488    5.844
16  5 1  2 281   184.081    6.281
16  5 2  2 282   196.405    6.135
16  4 0  2 283   186.547    8.161
16  4 1  2 284   178.578    5.118
16  4 2  2 285   186.616    8.152
16 11 0  2 286   189.326    6.103
16 11 2  2 287   197.043    8.205
16 10 0  2 288   194.863    6.875
16 10 1  2 289   195.730    8.532
16 10 2  2 290   190.834    8.401
16  9 0  2 291   188.621    7.306
16  9 1  2 292   186.532    6.760
16  9 2  2 293   179.433    6.073
16  8 0  2 294   177.404    5.383
16  8 1  2 295   192.271    9.380
16  8 2  2 296   188.246    7.965
13 11 0  2 297   185.710   13.999
13 11 1  2 298   183.226   13.343
13 11 2  2 299   190.932   10.384
16 14 0  2 300   194.874    5.711
16 14 1  2 301   189.097    5.417
16 14 2  2 302   193.930    7.353
16 13 0  2 303   184.065    4.723
16 13 1  2 304   191.667    4.044
16 13 2  2 305   183.208    5.787
16 12 0  2 306   185.788    7.889
16 12 1  2 307   197.136    5.828
16 12 2  2 308   185.184    6.982
17  9 0  2 309   185.486    7.011
17  9 2  2 310   199.303    7.963
16 19 0  2 311   190.834    9.522
16 19 1  2 312   193.446    6.635
16 19 2  2 313   173.278    5.587
16 18 0  2 314   187.711    8.197
16 18 1  2 315   188.454    7.210
16 18 2  2 316   186.488   10.549
16 17 0  2 317   184.342   13.318
16 17 1  2 318   190.538    9.197
16 17 2  2 319   193.857   11.108
16 16 0  2 320   192.830   10.787
16 16 1  2 321   187.259   10.558
16 16 2  2 322   185.774   12.644
16 23 0  2 323   199.291    6.269
16 23 1  2 324   182.727   10.452
16 23 2  2 325   189.756    7.089
16 22 0  2 326   191.675    8.714
16 22 1  2 327   190.612    7.311
16 22 2  2 328   196.034    6.946
16 21 0  2 329   193.723    6.588
16 21 1  2 330   189.771    5.314
16 21 2  2 331   180.658    5.717
16 20 0  2 332   186.071    9.020
16 20 1  2 333   181.339    9.502
16 20 2  2 334   187.154    7.824
17  8 0  2 335   178.911    7.596
17  8 2  2 336   186.365    7.974
16 27 0  2 337   180.631    8.556
16 27 1  2 338   188.915    7.265
16 27 2  2 339   187.659    8.637
16 26 0  2 340   192.829   14.348
16 26 1  2 341   190.189    9.300
16 26 2  2 342   195.461   13.998
16 25 0  2 343   183.656   11.949
16 25 1  2 344   188.179    7.324
16 25 2  2 345   192.230   11.326
16 24 0  2 346   198.812   19.217
16 24 1  2 347   186.353   14.581
16 24 2  2 348   184.653   15.745
16 31 0  2 349   192.891    9.740
16 31 1  2 350   199.381    8.502
16 31 2  2 351   185.702   11.975
16 30 0  2 352   191.103   10.708
16 30 1  2 353   181.489    5.468
16 30 2  2 354   187.649    7.991
16 29 0  2 355   188.488    6.114
16 29 1  2 356   188.205    6.566
16 29 2  2 357   185.016   11.366
16 28 0  2 358   188.249    7.239
16 28 1  2 359   184.362   10.856
16 28 2  2 360   184.387   11.852
17 13 0  2 361   193.765    6.847
17 13 1  2 362   198.473    6.450
17 13 2  2 363   188.258    6.816
17  3 0  2 364   193.498    9.883
17  3 2  2 365   191.470    6.612
17  2 0  2 366   187.824    8.889
17  2 1  2 367   185.164   10.906
17  2 2  2 368   190.396   10.533
17  1 0  2 369   193.541    7.610
17  1 1  2 370   181.124    6.172
17  1 2  2 371   177.072    8.099
17  0 0  2 372   199.834   12.522
17  0 1  2 373   187.824    8.900
17  0 2  2 374   190.851   11.549
17  7 0  2 375   185.448   14.315
17  7 1  2 376   186.763   12.228
17  7 2  2 377   191.860   11.716
17  6 0  2 378   194.497    9.773
17  6 1  2 379   184.917   14.739
17  6 2  2 380   193.172   13.933
17  5 0  2 381   191.840   16.032
17  5 1  2 382   196.296    6.742
17  5 2  2 383   197.819   12.934
17  4 0  2 384   187.097    9.457
17  4 1  2 385   196.284    6.492
17  4 2  2 386   183.358    9.192
17 14 0  2 387   185.154   13.522
17 14 1  2 388   187.055   10.330
17 14 2  2 389   185.088    7.892
17 12 0  2 390   177.831    7.504
17 12 2  2 391   190.764   11.025
