13  3 0  218
13  3 1  209
13  3 2  207
13  1 0  209
13  1 1  208
13  1 2  216
13  7 0  212
13  7 2  214
13  2 0  208
13  2 1  219
13  2 2  213
13  0 0  215
13  0 2  208
13  6 0  214
13  6 1  212
13  6 2  215
13  5 0  213
13  5 2  213
13  4 0  215
13  4 1  213
13  4 2  213
13 10 0  216
13 10 1  219
13 10 2  219
13  9 0  212
13  9 1  212
13  9 2  205
13  8 0  211
13  8 1  213
13  8 2  209
13 15 0  208
13 15 2  225
13 14 0  206
13 14 1  220
13 14 2  210
13 13 0  217
13 13 1  216
13 13 2  212
13 12 0  213
13 12 2  214
13 19 0  215
13 19 1  215
13 19 2  209
13 18 0  216
13 18 1  213
13 18 2  209
13 17 0  216
13 17 1  215
13 17 2  212
13 16 0  216
13 16 2  216
13 23 0  227
13 23 1  216
13 23 2  207
13 22 0  214
13 22 1  213
13 22 2  209
13 21 0  217
13 21 1  215
13 21 2  213
13 20 0  220
13 20 1  223
13 20 2  219
13 27 0  214
13 27 2  221
13 26 0  201
13 26 1  214
13 26 2  214
13 25 0  218
13 25 1  219
13 25 2  210
13 24 0  221
13 24 1  212
13 24 2  221
14 10 0  219
14 10 2  212
13 31 0  207
13 31 1  215
13 31 2  213
13 30 0  218
13 30 1  210
13 30 2  215
13 29 0  208
13 29 1  214
13 29 2  212
13 28 0  213
13 28 1  211
13 28 2  214
14  9 0  217
14  9 2  210
14  3 0  218
14  3 1  210
14  3 2  220
14  2 0  226
14  2 1  216
14  2 2  216
14  1 0  216
14  1 1  212
14  1 2  214
14  0 0  208
14  0 1  217
14  0 2  205
14  8 0  215
14  8 1  217
14  8 2  221
14  7 0  215
14  7 2  212
14  6 0  212
14  6 1  216
14  6 2  216
14  5 0  217
14  5 1  205
14  5 2  212
14  4 0  216
14  4 1  217
14  4 2  210
14 11 0  220
14 11 1  222
14 11 2  195
14 27 0  206
14 27 2  212
14 15 0  205
14 15 1  210
14 15 2  215
14 14 0  214
14 14 1  216
14 14 2  218
14 13 0  215
14 13 1  208
14 13 2  217
14 12 0  216
14 12 1  213
14 12 2  219
14 31 0  211
14 31 1  214
14 31 2  209
14 26 0  215
14 26 2  220
14 19 0  220
14 19 1  210
14 19 2  217
14 18 0  214
14 18 1  214
14 18 2  220
14 17 0  220
14 17 1  212
14 17 2  211
14 16 0  219
14 16 1  215
14 16 2  216
14 29 0  212
14 29 1  217
14 29 2  205
14 25 0  217
14 25 1  216
14 25 2  217
14 23 0  213
14 23 2  220
14 22 0  217
14 22 1  213
14 22 2  213
14 21 0  214
14 21 1  203
14 21 2  217
14 20 0  214
14 20 1  214
14 20 2  213
14 30 0  211
14 30 1  213
14 30 2  206
14 28 0  219
14 28 1  214
14 28 2  214
14 24 0  219
14 24 2  218
15  3 0  212
15  3 1  203
15  3 2  212
15  2 0  216
15  2 1  212
15  2 2  218
15  1 0  216
15  1 1  210
15  1 2  209
15  0 0  215
15  0 1  213
15  0 2  217
15  6 0  214
15  6 1  209
15  6 2  215
15  5 0  209
15  5 1  218
15  5 2  213
15  4 0  214
15  4 2  213
15 11 0  208
15 11 1  216
15 11 2  215
15 10 0  215
15 10 1  218
15 10 2  216
15  9 0  212
15  9 1  217
15  9 2  219
15  8 0  217
15  8 1  206
15  8 2  213
15 14 0  215
15 14 1  214
15 14 2  212
15 13 0  212
15 13 1  213
15 13 2  214
15 12 0  209
15 12 1  217
15 12 2  214
15 19 0  208
15 19 2  218
15 18 0  214
15 18 1  214
15 18 2  216
15 17 0  214
15 17 1  218
15 17 2  220
15 16 0  219
15 16 1  213
15 16 2  223
15 23 0  217
15 23 1  217
15 23 2  215
15 22 0  215
15 22 1  212
15 22 2  213
15 21 0  216
15 21 1  206
15 21 2  221
15 20 0  209
15 20 2  208
15 27 0  215
15 27 1  209
15 27 2  208
15 26 0  217
15 26 1  213
15 26 2  212
15 25 0  216
15 25 1  215
15 25 2  214
15 24 0  210
15 24 1  209
15 24 2  218
15 31 0  227
15 31 1  211
15 31 2  204
15 30 0  218
15 30 1  223
15 30 2  208
15 29 0  216
15 29 1  211
15 29 2  219
15 28 0  212
15 28 2  213
16  3 0  207
16  3 1  216
16  3 2  217
16  2 0  218
16  2 1  212
16  2 2  221
16  1 0  220
16  1 1  219
16  1 2  226
16  0 0  215
16  0 1  209
16  0 2  223
16  7 0  217
16  7 1  219
16  7 2  211
16  6 0  215
16  6 1  218
16  6 2  217
16  5 0  227
16  5 1  210
16  5 2  222
16  4 0  212
16  4 1  204
16  4 2  212
16 11 0  215
16 11 2  223
16 10 0  220
16 10 1  221
16 10 2  216
16  9 0  214
16  9 1  212
16  9 2  205
16  8 0  203
16  8 1  218
16  8 2  214
13 11 0  211
13 11 1  209
13 11 2  216
16 14 0  220
16 14 1  215
16 14 2  219
16 13 0  210
16 13 1  217
16 13 2  209
16 12 0  211
16 12 1  223
16 12 2  211
17  9 0  211
17  9 2  225
16 19 0  216
16 19 1  219
16 19 2  199
16 18 0  213
16 18 1  214
16 18 2  212
16 17 0  210
16 17 1  216
16 17 2  219
16 16 0  218
16 16 1  213
16 16 2  211
16 23 0  225
16 23 1  208
16 23 2  215
16 22 0  217
16 22 1  216
16 22 2  222
16 21 0  219
16 21 1  215
16 21 2  206
16 20 0  212
16 20 1  207
16 20 2  213
17  8 0  204
17  8 2  212
16 27 0  206
16 27 1  214
16 27 2  213
16 26 0  218
16 26 1  216
16 26 2  221
16 25 0  209
16 25 1  214
16 25 2  218
16 24 0  224
16 24 1  212
16 24 2  210
16 31 0  218
16 31 1  225
16 31 2  211
16 30 0  217
16 30 1  207
16 30 2  213
16 29 0  214
16 29 1  214
16 29 2  211
16 28 0  214
16 28 1  210
16 28 2  210
17 13 0  219
17 13 1  224
17 13 2  214
17  3 0  219
17  3 2  217
17  2 0  213
17  2 1  211
17  2 2  216
17  1 0  219
17  1 1  207
17  1 2  203
17  0 0  225
17  0 1  213
17  0 2  216
17  7 0  211
17  7 1  212
17  7 2  217
17  6 0  220
17  6 1  210
17  6 2  219
17  5 0  217
17  5 1  222
17  5 2  223
17  4 0  213
17  4 1  222
17  4 2  209
17 14 0  211
17 14 1  213
17 14 2  211
17 12 0  203
17 12 2  216
