3  1 0  210
3  1 1  214
3  1 2  215
3  0 0  211
3  0 1  205
3  0 2  215
3  7 0  216
3  7 2  213
3  3 0  220
3  3 1  210
3  3 2  209
3  2 0  217
3  2 2  219
3  6 0  226
3  6 1  210
3  6 2  213
3  5 0  219
3  5 2  216
3  4 0  205
3  4 1  219
3  4 2  219
3 10 0  207
3 10 1  216
3 10 2  209
3  9 0  211
3  9 1  219
3  9 2  207
3  8 0  214
3  8 1  219
3  8 2  222
3 15 0  206
3 15 2  220
3 14 0  216
3 14 1  216
3 14 2  215
3 13 0  217
3 13 1  211
3 13 2  208
3 12 0  211
3 12 2  218
3 19 0  215
3 19 1  214
3 19 2  222
3 18 0  206
3 18 1  212
3 18 2  218
3 17 0  210
3 17 1  224
3 17 2  204
3 16 0  222
3 16 2  217
3 23 0  221
3 23 1  214
3 23 2  213
3 22 0  206
3 22 1  207
3 22 2  215
3 21 0  212
3 21 1  212
3 21 2  203
3 20 0  213
3 20 1  216
3 20 2  213
3 27 0  208
3 27 2  212
3 26 0  207
3 26 1  213
3 26 2  201
3 25 0  209
3 25 1  218
3 25 2  210
3 24 0  211
3 24 1  216
3 24 2  218
4  8 0  214
4  8 2  208
3 31 0  208
3 31 1  208
3 31 2  211
3 30 0  211
3 30 1  226
3 30 2  220
3 29 0  213
3 29 1  226
3 29 2  219
3 28 0  211
3 28 1  217
3 28 2  224
4  9 0  212
4  9 2  212
4  3 0  217
4  3 1  211
4  3 2  213
4  2 0  211
4  2 1  213
4  2 2  214
4  1 0  214
4  1 1  208
4  1 2  203
4  0 0  210
4  0 1  214
4  0 2  210
4 10 0  222
4 10 1  205
4 10 2  214
4  7 0  210
4  7 2  211
4  6 0  215
4  6 1  212
4  6 2  216
4  5 0  216
4  5 1  209
4  5 2  223
4  4 0  212
4  4 1  220
4  4 2  214
4 11 0  213
4 11 1  217
4 11 2  208
4 24 0  206
4 24 2  215
4 15 0  215
4 15 1  227
4 15 2  218
4 14 0  213
4 14 1  209
4 14 2  214
4 13 0  209
4 13 1  213
4 13 2  214
4 12 0  205
4 12 1  213
4 12 2  212
4 28 0  218
4 28 1  217
4 28 2  213
4 25 0  216
4 25 2  209
4 19 0  212
4 19 1  211
4 19 2  217
4 18 0  212
4 18 1  216
4 18 2  221
5  7 0  212
5  7 1  206
5  7 2  214
4 16 0  215
4 16 1  218
4 16 2  221
4 29 0  214
4 29 1  216
4 29 2  211
4 26 0  217
4 26 1  215
4 26 2  222
4 23 0  217
4 23 2  215
4 22 0  214
4 22 1  225
4 22 2  220
4 21 0  220
4 21 1  213
4 21 2  210
4 20 0  210
4 20 1  219
4 20 2  217
4 31 0  220
4 31 1  220
4 31 2  219
4 30 0  219
4 30 1  208
4 30 2  213
4 27 0  223
4 27 2  213
5  3 0  216
5  3 1  210
5  3 2  228
5  2 0  218
5  2 1  221
5  2 2  221
5  1 0  214
5  1 1  211
5  1 2  218
5  0 0  215
5  0 1  213
5  0 2  217
5  6 0  211
5  6 1  218
5  6 2  213
5  5 0  214
5  5 1  221
5  5 2  210
5  4 0  213
5  4 2  214
5 11 0  215
5 11 1  217
5 11 2  213
5 10 0  211
5 10 1  214
5 10 2  218
5  9 0  212
5  9 1  211
5  9 2  222
5  8 0  211
5  8 1  208
5  8 2  220
5 14 0  226
5 14 1  213
5 14 2  205
5 13 0  217
5 13 1  204
5 13 2  217
5 12 0  216
5 12 1  209
5 12 2  219
5 19 0  209
5 19 2  213
5 18 0  213
5 18 1  219
5 18 2  209
5 17 0  216
5 17 1  218
5 17 2  213
5 16 0  206
5 16 1  214
5 16 2  214
5 23 0  220
5 23 1  227
5 23 2  213
5 22 0  205
5 22 1  209
5 22 2  216
5 21 0  220
5 21 1  207
5 21 2  221
5 20 0  219
5 20 2  219
5 27 0  219
5 27 1  215
5 27 2  212
5 26 0  203
5 26 1  208
5 26 2  216
5 25 0  211
5 25 1  210
5 25 2  214
5 24 0  214
5 24 1  223
5 24 2  224
5 31 0  213
5 31 1  209
5 31 2  221
5 30 0  219
5 30 1  217
5 30 2  222
5 29 0  220
5 29 1  214
5 29 2  208
5 28 0  217
5 28 2  209
6  3 0  209
6  3 1  217
6  3 2  212
6  2 0  208
6  2 1  212
6  2 2  221
6  1 0  210
6  1 1  214
6  1 2  212
6  0 0  206
6  0 1  220
6  0 2  218
6  7 0  216
6  7 1  215
6  7 2  219
6  6 0  218
6  6 1  218
6  6 2  218
6  5 0  210
6  5 1  210
6  5 2  213
6  4 0  211
6  4 1  214
6  4 2  224
6 11 0  211
6 11 2  208
6 10 0  213
6 10 1  213
6 10 2  215
6  9 0  211
6  9 1  211
6  9 2  214
6  8 0  213
6  8 1  214
6  8 2  214
6 15 0  203
6 15 1  222
6 15 2  221
6 14 0  216
6 14 1  202
6 14 2  217
6 13 0  226
6 13 1  217
6 13 2  218
6 12 0  219
6 12 1  214
6 12 2  213
7  8 0  210
7  8 2  213
6 19 0  215
6 19 1  219
6 19 2  208
6 18 0  216
6 18 1  218
6 18 2  216
6 17 0  222
6 17 1  212
6 17 2  216
6 16 0  220
6 16 1  213
6 16 2  215
6 23 0  214
6 23 1  216
6 23 2  217
6 22 0  210
6 22 1  213
6 22 2  210
6 21 0  210
6 21 1  221
6 21 2  216
6 20 0  215
6 20 1  207
6 20 2  218
7  9 0  207
7  9 2  218
6 27 0  212
6 27 1  211
6 27 2  207
6 26 0  222
6 26 1  220
6 26 2  213
7 11 0  214
7 11 1  213
7 11 2  213
6 24 0  204
6 24 1  210
6 24 2  212
6 31 0  213
6 31 1  222
6 31 2  221
6 30 0  218
6 30 1  209
6 30 2  217
6 29 0  209
6 29 1  215
6 29 2  221
6 28 0  213
6 28 1  211
6 28 2  216
7 12 0  220
7 12 1  212
7 12 2  211
7  3 0  214
7  3 2  211
7  2 0  213
7  2 1  223
7  2 2  210
7  1 0  212
7  1 1  204
7  1 2  213
7  0 0  223
7  0 1  213
7  0 2  200
7  7 0  215
7  7 1  220
7  7 2  224
7  6 0  218
7  6 1  208
7  6 2  227
7  5 0  208
7  5 1  208
7  5 2  218
7  4 0  221
7  4 1  218
7  4 2  219
7 14 0  214
7 14 1  216
7 14 2  211
7 13 0  213
7 13 2  211
13  3 0  219
13  3 1  209
13  3 2  207
13  1 0  208
13  1 1  208
13  1 2  216
13  7 0  212
13  7 2  214
13  2 0  207
13  2 1  220
13  2 2  213
13  0 0  216
13  0 2  208
13  6 0  214
13  6 1  211
13  6 2  215
13  5 0  212
13  5 2  213
13  4 0  216
13  4 1  213
13  4 2  212
13 10 0  217
13 10 1  219
13 10 2  219
13  9 0  212
13  9 1  212
13  9 2  205
13  8 0  210
13  8 1  213
13  8 2  209
13 15 0  208
13 15 2  225
13 14 0  206
13 14 1  220
13 14 2  209
13 13 0  218
13 13 1  216
13 13 2  211
13 12 0  212
13 12 2  214
13 19 0  215
13 19 1  215
13 19 2  209
13 18 0  217
13 18 1  213
13 18 2  208
13 17 0  216
13 17 1  216
13 17 2  211
13 16 0  216
13 16 2  216
13 23 0  227
13 23 1  216
13 23 2  207
13 22 0  213
13 22 1  213
13 22 2  209
13 21 0  218
13 21 1  215
13 21 2  212
13 20 0  221
13 20 1  223
13 20 2  219
13 27 0  214
13 27 2  221
13 26 0  201
13 26 1  214
13 26 2  214
13 25 0  217
13 25 1  218
13 25 2  209
13 24 0  221
13 24 1  212
13 24 2  221
14 10 0  219
14 10 2  212
13 31 0  207
13 31 1  215
13 31 2  213
13 30 0  218
13 30 1  210
13 30 2  215
13 29 0  208
13 29 1  214
13 29 2  212
13 28 0  213
13 28 1  211
13 28 2  214
14  9 0  217
14  9 2  210
14  3 0  218
14  3 1  210
14  3 2  220
14  2 0  226
14  2 1  216
14  2 2  215
14  1 0  215
14  1 1  212
14  1 2  214
14  0 0  208
14  0 1  217
14  0 2  205
14  8 0  215
14  8 1  217
14  8 2  221
14  7 0  214
14  7 2  212
14  6 0  212
14  6 1  216
14  6 2  216
14  5 0  218
14  5 1  205
14  5 2  211
14  4 0  215
14  4 1  217
14  4 2  208
14 11 0  220
14 11 1  222
14 11 2  195
14 27 0  205
14 27 2  212
14 15 0  205
14 15 1  210
14 15 2  215
14 14 0  214
14 14 1  216
14 14 2  218
14 13 0  215
14 13 1  207
14 13 2  217
14 12 0  216
14 12 1  212
14 12 2  219
14 31 0  211
14 31 1  214
14 31 2  209
14 26 0  215
14 26 2  221
14 19 0  220
14 19 1  210
14 19 2  217
14 18 0  214
14 18 1  214
14 18 2  220
14 17 0  220
14 17 1  211
14 17 2  210
14 16 0  219
14 16 1  215
14 16 2  216
14 29 0  211
14 29 1  217
14 29 2  205
14 25 0  217
14 25 1  216
14 25 2  217
14 23 0  212
14 23 2  220
14 22 0  217
14 22 1  213
14 22 2  213
14 21 0  214
14 21 1  203
14 21 2  217
14 20 0  214
14 20 1  214
14 20 2  212
14 30 0  210
14 30 1  212
14 30 2  206
14 28 0  220
14 28 1  213
14 28 2  214
14 24 0  219
14 24 2  219
15  3 0  211
15  3 1  203
15  3 2  212
15  2 0  217
15  2 1  211
15  2 2  218
15  1 0  216
15  1 1  210
15  1 2  208
15  0 0  215
15  0 1  212
15  0 2  217
15  6 0  213
15  6 1  208
15  6 2  215
15  5 0  208
15  5 1  219
15  5 2  212
15  4 0  214
15  4 2  212
15 11 0  208
15 11 1  216
15 11 2  215
15 10 0  215
15 10 1  219
15 10 2  216
15  9 0  211
15  9 1  218
15  9 2  220
15  8 0  217
15  8 1  206
15  8 2  212
15 14 0  215
15 14 1  214
15 14 2  210
15 13 0  212
15 13 1  212
15 13 2  213
15 12 0  210
15 12 1  217
15 12 2  214
15 19 0  208
15 19 2  217
15 18 0  214
15 18 1  214
15 18 2  216
15 17 0  214
15 17 1  218
15 17 2  219
15 16 0  219
15 16 1  213
15 16 2  222
15 23 0  217
15 23 1  217
15 23 2  215
15 22 0  215
15 22 1  211
15 22 2  213
15 21 0  216
15 21 1  206
15 21 2  221
15 20 0  209
15 20 2  209
15 27 0  215
15 27 1  209
15 27 2  208
15 26 0  217
15 26 1  212
15 26 2  211
15 25 0  216
15 25 1  216
15 25 2  213
15 24 0  209
15 24 1  209
15 24 2  217
15 31 0  227
15 31 1  211
15 31 2  204
15 30 0  218
15 30 1  222
15 30 2  208
15 29 0  216
15 29 1  211
15 29 2  219
15 28 0  212
15 28 2  213
16  3 0  207
16  3 1  216
16  3 2  217
16  2 0  218
16  2 1  212
16  2 2  221
16  1 0  220
16  1 1  219
16  1 2  226
16  0 0  215
16  0 1  209
16  0 2  223
16  7 0  217
16  7 1  219
16  7 2  211
16  6 0  215
16  6 1  218
16  6 2  217
16  5 0  227
16  5 1  210
16  5 2  221
16  4 0  212
16  4 1  204
16  4 2  212
16 11 0  215
16 11 2  222
16 10 0  220
16 10 1  221
16 10 2  216
16  9 0  214
16  9 1  212
16  9 2  205
16  8 0  203
16  8 1  218
16  8 2  214
13 11 0  210
13 11 1  208
13 11 2  216
16 14 0  220
16 14 1  214
16 14 2  219
16 13 0  209
16 13 1  217
16 13 2  209
16 12 0  211
16 12 1  223
16 12 2  210
17  9 0  211
17  9 2  225
16 19 0  216
16 19 1  219
16 19 2  199
16 18 0  213
16 18 1  214
16 18 2  211
16 17 0  209
16 17 1  216
16 17 2  219
16 16 0  218
16 16 1  212
16 16 2  211
16 23 0  224
16 23 1  208
16 23 2  215
16 22 0  217
16 22 1  216
16 22 2  221
16 21 0  219
16 21 1  215
16 21 2  206
16 20 0  211
16 20 1  207
16 20 2  212
17  8 0  204
17  8 2  212
16 27 0  206
16 27 1  214
16 27 2  213
16 26 0  219
16 26 1  216
16 26 2  221
16 25 0  209
16 25 1  213
16 25 2  217
16 24 0  225
16 24 1  211
16 24 2  209
16 31 0  218
16 31 1  225
16 31 2  210
16 30 0  217
16 30 1  207
16 30 2  212
16 29 0  214
16 29 1  213
16 29 2  210
16 28 0  213
16 28 1  209
16 28 2  210
17 13 0  219
17 13 1  224
17 13 2  214
17  3 0  219
17  3 2  217
17  2 0  213
17  2 1  210
17  2 2  216
17  1 0  219
17  1 1  207
17  1 2  203
17  0 0  225
17  0 1  213
17  0 2  216
17  7 0  210
17  7 1  211
17  7 2  218
17  6 0  220
17  6 1  209
17  6 2  219
17  5 0  218
17  5 1  221
17  5 2  223
17  4 0  212
17  4 1  222
17  4 2  209
17 14 0  210
17 14 1  212
17 14 2  213
17 12 0  204
17 12 2  216
